275546
170652
64493
373924
307478
446931
220594
409788
31217
133356
29475
173582
473706
338444
235634
100837
57760
5022
151641
61298
470578
248664
275362
330468
146919
315442
271788
411091
386764
2965
101407
137723
99452
340705
156728
392431
135030
324563
225531
468958
65119
336324
45291
76642
72152
17575
323419
452429
146741
78727
11184
468393
96728
302770
163116
455385
282210
64352
453358
101152
190678
99438
128589
231356
178527
387837
416946
265178
317755
125037
344743
49551
140594
333914
84205
351515
64754
34580
351823
397881
10170
205544
44347
54328
445947
407443
74286
252888
454278
60063
227656
122824
97156
354986
207883
305605
123634
9938
34981
304435
171359
274124
396264
25463
428226
359153
320850
361874
404186
73553
398730
21540
262940
481552
86379
70902
336388
36309
148199
488873
107449
418871
164187
83438
491494
455144
125046
445777
465727
268013
276626
116090
191964
388194
28021
258949
312003
134696
263588
237248
88938
464942
162162
3357
16343
250556
121433
315283
482746
5604
161528
310297
364998
14776
269078
45837
314453
80763
492230
498649
456382
453943
347098
259146
199253
391965
420066
426614
289388
139989
494264
304583
389386
51921
357953
39533
221292
10766
491796
135180
432154
273731
474632
189308
156767
880
64144
35006
170876
96112
243945
304135
96780
276914
356075
43071
253984
347463
135357
143648
109024
10696
491446
110717
226618
353950
271425
385241
11853
391206
379782
246742
317454
252839
86591
27443
83877
473027
394751
25098
192623
169594
340409
100005
271478
248300
13125
377199
362419
7026
60946
754
276530
140072
268325
182082
325900
248563
326017
290170
368419
383954
116893
117477
410295
322746
357002
369197
434996
73049
334054
489708
395472
448996
25985
114385
457986
14197
415421
241395
311121
311858
193278
139715
29215
446737
215949
280021
109543
249951
330093
484766
432254
193750
109288
237768
127450
466830
279322
178235
120429
331437
328554
384351
257481
460606
473165
182700
357721
469706
184586
230514
49522
473494
298589
232337
1190
411977
266014
485275
236040
369618
245518
138659
346553
471361
388309
245882
11852
146877
240496
75041
198104
102130
470776
176702
296883
220364
349985
107312
484498
225489
342838
198606
89405
226293
138323
440673
99837
409701
421483
236360
444227
290288
401440
159485
275690
419011
454854
465568
349063
382123
279801
71766
344334
109620
90019
44276
210536
337158
116461
82300
307434
440199
289519
5322
101324
381681
479256
102208
223927
441905
212665
141409
243446
407408
475192
162597
50548
144300
169379
272376
35343
137341
35493
76263
65496
223091
141321
253815
473079
242145
103875
407935
26685
6864
485306
187697
350007
256415
349573
274139
207858
89478
288429
253566
80667
140964
74887
450875
322395
499884
333570
266060
332618
315387
374107
94636
440886
53557
73058
461296
27490
271042
172997
317592
295707
95525
198898
75549
295334
409985
405966
321530
110767
280248
421913
424553
127759
8775
412408
30203
469539
104379
142270
112793
346726
289669
261923
431400
131559
42924
349360
170728
132221
395554
120147
229963
474833
377773
363840
330540
280070
453433
283517
266698
73867
21039
72411
460477
255118
235973
172677
355110
373603
268190
324168
386175
88228
180396
183169
440263
179864
66353
350168
162940
67368
431924
17367
201242
34636
289762
15778
410263
381115
18769
498073
147862
361532
12531
264979
463293
168492
497647
427882
449398
183881
123269
44361
122980
135096
355837
443719
483187
48107
195909
34665
23205
444672
225188
487941
70916
139718
44672
13246
51860
21174
194441
382514
457881
212976
433745
13393
73811
67973
354586
150758
170019
150609
97955
109274
259678
194280
13879
487992
86537
465178
348293
59842
411444
488786
466544
125276
189299
134365
326090
240314
266250
194966
302165
373964
363408
63238
240592
486872
333601
215455
107592
244454
462006
444379
214599
394883
493953
50901
450711
403618
405889
19582
434657
235140
352064
181490
14347
283999
245608
227194
13218
160608
296946
249499
493648
19972
445482
60424
244137
105866
196289
137688
150588
462549
482375
255107
410808
159358
386932
246081
395894
391518
20144
463095
229697
73268
406053
499622
430965
118089
499605
232289
324441
236558
218216
368592
113837
41268
169276
436671
135728
348665
75215
403622
159605
324840
399484
48307
164152
229097
450670
382010
287088
404789
222870
157800
167907
146138
345002
453986
256276
170103
364570
423399
436249
307964
426687
262949
238017
416335
175006
444799
314453
232796
249210
126146
330785
415349
78426
114903
3760
335574
183633
295780
374807
322815
434004
473822
267921
333234
262099
356532
240594
383977
494515
214246
366846
271846
177057
67580
111374
54079
83753
81960
286571
483349
284751
217306
278005
437067
248217
368202
123097
57524
413915
405311
445400
330074
319428
427178
64117
433394
198672
216902
3027
430276
384442
968
31205
18092
58269
145689
396206
382571
48661
301632
263288
39250
322739
199362
45990
464763
295148
3667
35881
222887
289410
392266
114237
72416
417163
121063
89360
257648
374137
250197
11071
431724
496729
365096
433755
189690
9542
314420
458014
41504
275257
242323
362323
487556
81670
333992
303879
418514
138446
277867
153886
163409
211652
386842
317554
459478
341683
294330
10749
97853
332370
343445
58797
215265
33868
132060
258781
32418
471068
339551
475548
114693
146105
478458
3079
400632
416178
186540
5313
429195
375616
300242
60991
189573
486388
298668
7804
323153
154748
313367
332279
111590
81098
136745
21968
249730
319450
212895
328047
33956
290421
281588
445834
487469
383038
150076
451842
420057
335726
247863
475148
316805
469963
133311
16144
471326
242348
5744
263049
415245
159528
275043
102630
136109
284513
166067
415562
94403
237745
71574
38579
80094
174860
194553
446989
305360
202987
442576
392884
412766
218712
199220
98458
115964
128938
207343
176316
321644
257695
299780
214299
169412
28931
179353
456218
405276
179168
375622
399042
126788
148747
148313
417925
477395
323858
356092
373609
400764
417638
108147
167575
238244
467928
25297
55988
334400
95565
460641
381850
281461
178535
109958
33021
241111
169626
313399
286099
487942
364363
69769
107931
233107
390356
474371
69157
289948
59236
274963
482193
417477
348894
204274
168449
287916
488048
432081
357644
313021
85366
69984
71486
158704
379989
194720
251683
6345
244067
8221
476841
46093
394352
297128
279990
329215
55888
254903
439586
263322
317494
298022
479561
442336
442990
343810
7346
406055
460566
159481
235843
341579
226730
64592
72076
169436
192350
438210
147046
80035
456543
411567
207668
370382
93447
95141
372832
78061
145654
170766
328495
256530
351713
38714
294604
488674
384068
100787
487144
100951
245600
188112
150971
226574
173338
147107
319104
288890
143583
10346
369099
395661
116491
121746
41447
137740
463563
152301
204338
239118
182010
335489
121821
127891
62332
91545
223337
328583
384182
402648
124574
400069
154538
105330
213860
4948
198661
377016
378770
137902
455368
273195
46071
269185
65183
440077
73723
296647
19720
304386
472370
437268
389578
214488
197693
373212
142794
253094
19169
71777
101716
130899
66197
211119
56412
382739
88013
189740
93822
140963
360549
89986
65889
482131
45209
289704
86564
264535
308943
146046
216897
55056
385654
120123
365378
67887
474301
59241
309715
167119
155152
463022
216832
491891
441740
244058
497582
84705
140605
53513
300194
80065
310779
321342
216325
18251
276193
23206
91807
255621
455368
27049
323853
36667
42516
461708
128041
11153
362026
390255
372837
242880
146021
420413
260121
231527
99096
104524
239307
84510
142655
352252
24165
34126
389794
319534
45866
92202
92647
12576
234292
252105
342185
479499
295804
475760
16495
155587
264151
90195
185827
110813
342469
496032
180908
454217
66094
403574
166747
326633
418637
2334
248005
469493
229039
225976
263331
144354
139888
166244
45298
100023
401157
286019
492226
223733
430310
203990
137110
429796
463939
78459
364989
191377
367672
419446
491898
316200
200527
224113
337102
166582
457295
1723
111341
74476
355417
70844
196694
16115
77269
473972
315151
449314
110285
11242
335867
160406
157478
264226
320901
47133
490273
352854
433659
122838
384456
364865
42048
321500
138235
245482
257848
430365
174457
437761
247568
378697
290697
400771
406978
78421
160800
327642
14497
190357
456342
17925
198637
452896
464299
391088
48442
480674
21941
394251
104689
447681
285302
98097
377873
466635
396910
106530
273662
273205
331267
25222
260963
443978
376882
219764
379152
121933
161980
367762
487095
487165
296192
498332
437330
90202
150969
93947
135151
116739
456509
443141
404714
255056
70651
397408
100944
366795
12167
28653
164915
332894
167310
373399
107092
7547
350960
226663
342383
398713
211818
173616
381282
157953
348703
70379
206282
57331
366714
13448
316542
346363
480287
236622
414265
460341
154308
406195
408077
187565
28254
356624
101551
276381
409533
35129
188580
14754
131480
54155
220165
15199
480966
354277
103453
270286
274099
460565
348328
353546
86572
236732
45830
63824
39063
337347
242197
457393
312746
416371
280441
237828
105670
367268
101712
77792
131817
493197
169525
412973
40465
3520
363804
156271
453974
58339
50654
274100
430955
148661
150785
315262
382721
26630
424589
315092
432722
416402
361731
140366
357959
226155
323248
85285
31228
249315
55705
290563
246704
195103
213444
213297
287402
277764
451726
235956
250561
278624
452584
390302
373192
195535
239029
209105
154750
297869
182298
220192
360993
256603
464403
340161
232583
381669
314689
129125
331442
373276
306232
338635
396226
306317
116153
362472
210078
260518
29207
469226
455282
103828
265306
126511
41145
138387
39365
125136
220090
390699
182531
115272
387200
244010
120737
183088
63551
474883
393549
18593
20116
340248
171467
167067
221980
216602
189532
239072
375858
499795
276301
349850
408403
150018
166894
452578
40634
218518
246332
244689
65834
376889
181277
308313
37814
211661
117712
496431
291047
348823
275119
401189
97825
429918
293622
357212
481642
241693
493280
87753
380862
316967
29272
13078
345851
242937
119772
279803
35267
289940
3179
451090
476159
109825
45080
193704
141903
364519
211854
257972
19623
407885
267923
203301
207485
224620
409014
64119
307057
53023
207240
375521
202611
216371
282100
385398
126061
413948
348600
99238
267425
40785
46103
378883
451481
101749
362970
451200
358672
87276
254141
215239
427830
317399
429833
249272
219178
106726
381363
284352
157016
479323
109564
262672
93044
437731
498668
421048
236515
390932
276792
156419
368109
76352
411977
282723
476225
427772
457966
274113
262641
200543
55302
24789
232954
316602
279639
98479
375229
190583
167904
32443
348205
451968
119357
18562
62410
284392
432889
468806
172543
108284
449819
220067
265386
220425
499325
332719
406064
235642
220374
85802
150761
17755
51546
333276
279826
84490
478410
409956
384594
443126
64476
151620
176779
349067
369464
12434
29736
60506
308818
261148
380882
48505
112073
248037
254251
414355
26494
308554
435764
80611
117845
262598
168657
363208
153592
95299
435706
176130
70441
295290
109478
483269
233050
227364
83485
265914
393629
66803
236130
370036
111876
402564
180423
70603
397333
136131
449493
322903
359710
449542
212643
177146
238608
459047
196511
69909
183853
406193
143199
301429
194800
447425
28584
469069
317834
13820
68090
454745
91110
229926
343452
387353
332211
95713
244059
124645
452968
310530
289388
263350
205732
23989
193215
246369
231800
357630
267904
366848
38657
247493
218929
362166
404066
112749
7874
108066
195843
133211
394660
6854
286119
415573
223168
339540
168724
460084
431149
288454
469471
143265
338960
476967
397827
12101
202065
221732
151798
44041
174329
363957
375258
203070
218693
235091
129334
333155
135395
238059
37282
95406
455919
167339
342407
179927
134236
460302
485083
173065
212054
65671
356412
420149
35262
276318
74619
391498
136097
435151
79294
130433
93972
486411
407531
430908
278829
126499
200520
348202
150861
393593
101743
215835
387874
241122
447888
328760
398187
425418
228846
150525
389506
159099
406509
165700
393387
174035
170802
71386
272636
326712
112712
368332
202103
245360
456159
251287
499926
51074
454632
85078
367110
54509
430167
106126
11154
135170
44519
393145
354924
66529
474030
179245
177816
459697
207157
8228
330721
192646
273769
135388
452820
289352
442720
2829
345864
146308
225685
58122
131967
485674
466816
127887
376174
474740
348845
416770
196969
251725
460580
158287
63807
322290
374707
376738
318694
227262
365622
45461
365076
151855
266619
224738
10983
278123
116031
337462
370138
30178
178739
35044
385590
420692
242249
449926
282588
199281
313198
135477
458422
173751
334082
323159
477960
249143
170152
362509
165497
12874
180311
473678
454749
312363
50230
43586
297874
220047
59656
494343
125574
217671
436379
426323
188159
89614
390908
348792
111521
363374
58387
151806
398755
388898
381622
6944
14125
276991
180605
164835
206273
472618
37855
456684
129894
4337
116821
307228
125486
495369
11507
384483
296953
65542
264703
31770
141777
454355
2479
475610
387834
376586
213626
277603
115637
353580
423928
290210
185476
270139
338485
402660
44264
232895
69877
208383
399302
273209
289756
382531
189919
303143
39118
82414
32251
482049
175948
284733
362831
451881
397084
80305
449608
319903
69956
16100
350336
89577
267411
441320
464282
197538
314726
44819
4934
181216
180605
61715
495215
243504
148862
302965
220294
319986
385958
181357
91320
190376
312466
179140
71090
281523
5370
141097
230808
230209
439739
262221
331628
70483
421505
87264
206035
478362
156184
432060
161912
103782
440013
437369
22121
336898
261717
43524
157664
357818
357712
373251
333939
454610
82377
408217
129939
456119
67984
47192
311960
114626
136489
314321
468174
451348
393705
333035
326708
134405
296114
113967
265886
414117
399555
253893
272283
302606
191445
23941
71226
71807
430750
413042
22029
106797
446810
103150
117346
331018
464032
451705
449090
454721
456674
302285
259416
32304
463187
445029
299183
128077
498386
207399
277057
121149
449375
430121
359998
249020
344006
113192
294038
292763
271814
336965
403289
130455
78636
264895
181832
368206
419104
6450
37068
82140
73668
376824
316852
334710
387572
361985
378436
75771
333739
411671
131951
257202
372498
707
360470
360533
249025
7185
454277
303939
426664
466864
123147
39285
176550
448776
42741
81230
325551
138442
175453
262133
15682
420936
338222
390462
157764
271555
309725
130246
367359
3288
134770
310863
24800
270401
143653
209337
144308
86763
85420
407956
258938
83232
425850
248487
386533
273989
68811
287710
390315
490006
217194
431980
121996
322774
455851
41143
272410
286933
487102
309034
218005
175445
441520
48766
409667
302650
7309
26597
2560
393729
275204
163480
480890
226650
96387
253436
292942
107781
7001
458826
433085
465211
262656
300228
294332
126128
355470
59281
239732
427032
270529
213379
148011
478486
287732
393896
27835
369002
93297
84687
68502
453893
22545
37220
63086
302243
236076
132861
414829
19351
79037
233594
51754
194753
329285
124915
484080
373935
193063
48792
437278
404572
19989
280690
248322
78682
404881
481970
101243
435946
413157
340006
222002
48142
100445
140005
332053
315889
499411
188945
44176
195457
338851
372567
38336
442062
271930
44339
482264
256994
335710
67322
347139
401675
481906
119491
64766
167921
480387
251343
4860
194878
491456
231198
337529
405868
138745
23453
188396
333342
112160
281825
61468
362249
446299
347635
100953
220389
129668
249459
140298
12532
238683
143353
21164
336338
94973
76974
359681
467169
189639
446679
397879
66511
179181
218364
270538
250551
349902
3461
429711
378874
192052
325964
426086
29098
279175
403918
434051
454270
311214
352960
438963
53016
182994
287621
389657
356008
218919
44362
403858
83137
466126
341433
215072
55740
427688
364602
200661
377183
112399
9631
277682
82640
483271
170447
282024
416110
6374
58312
479537
130499
394301
74100
434086
467458
425221
208998
309574
403190
176607
426637
196676
28572
135090
430089
429011
415591
291878
345819
76843
420691
159719
311275
118689
90502
165404
201774
311895
124198
88127
212729
424492
153981
360214
286979
482612
430786
141983
411893
469044
313733
463481
167038
314475
4585
120519
168465
260264
267531
319998
442530
115694
59631
138229
198127
292314
382225
302740
498139
200933
358881
466168
365113
432463
258732
40573
452865
474128
478889
43525
292053
351832
107805
320605
295724
209165
313291
136030
61556
430767
127574
153134
413630
177468
23436
231860
450086
277215
450896
459751
496638
99581
459080
394130
323848
361375
106471
430193
2452
230101
359805
107806
314031
429818
336659
385292
25652
482291
69696
397599
21137
326846
391915
227035
334778
6995
387743
402832
76687
395463
199287
345759
374626
76073
259884
72243
406318
474865
476173
352525
337511
41283
18505
472159
452472
283798
142448
25305
289254
293164
460941
228776
306849
253387
246880
310604
179050
199896
404720
422693
129852
19018
119861
301031
409076
317321
50455
282333
314893
336989
440557
347122
46587
114781
480998
120811
457506
319690
306747
415564
167175
250613
54119
89
22666
351941
104224
431108
170065
489333
36948
461898
47438
428640
322397
263199
69050
487457
201536
261296
43132
75711
333678
127701
250102
409087
26965
386116
249774
244612
333771
293822
296708
74116
394508
377658
181929
109660
39579
397457
358534
123990
492615
8382
155357
389856
156458
19240
99904
393566
344955
169586
244656
151024
407050
71488
302778
288218
403974
89537
194954
183133
26410
484379
212746
451005
125144
219332
172019
485217
7669
396202
126398
342612
448332
208566
368564
273870
473205
194264
70836
213830
289477
106003
10638
424692
491098
16584
404637
191337
113274
267606
156265
242939
449510
343159
307081
492157
129054
489508
330051
143348
170948
65135
192679
370781
207214
373383
92597
144474
14827
369250
251017
199121
49867
133182
434922
354513
189616
243694
109308
380257
344061
408444
135589
332951
204746
275778
185604
65584
315472
265320
468086
89030
188033
310338
147027
331165
4890
162444
139758
427645
250697
204590
432670
116345
486527
196171
234224
211984
486693
463070
481438
257699
121474
419931
88938
245692
317644
5743
188510
190351
402456
296701
341259
215281
318394
309855
283339
195873
178904
397003
439750
348524
412117
378505
169436
438994
100457
83326
444327
329343
448904
232548
216153
461775
69266
392640
296299
497833
263475
334551
182799
39694
5094
456802
58992
137340
378283
309743
428110
331055
168183
166151
492940
289448
154078
281185
26348
86
173231
170209
362246
280553
98091
318131
135332
134380
332390
301419
121761
270105
385342
253109
358466
412914
406618
492547
377038
480140
48010
28380
123438
97114
266410
76804
182706
50989
361011
133215
92613
129392
485669
405528
209637
287029
121906
223435
186312
94062
372010
118046
102290
3074
284408
126483
288100
447135
243002
17575
311758
344043
498355
433446
371265
268999
83267
144349
248254
314161
217483
291008
72658
286503
327621
226028
63658
394178
35558
320586
48075
48098
41853
275029
224083
173246
417076
18539
313605
335093
405920
286556
71755
189780
217646
432401
21114
219371
184222
296260
61242
19802
194020
328270
449243
205257
455750
417830
208730
280817
338110
295135
212145
435462
353602
7260
76312
27222
482823
338474
405791
348818
461519
411783
426167
19141
346690
401294
445149
241988
218908
113668
371239
71336
31118
95864
457821
272253
275345
235088
18077
277712
360184
367398
377659
214564
107580
369200
490833
325247
35165
19257
87794
475346
53562
215933
370296
361663
883
100377
59809
158617
43491
257555
307372
200289
10668
287538
405839
479237
234137
87953
472911
383888
176016
323739
421733
445467
435007
34930
135417
123298
271072
451207
240375
482639
478200
460562
278229
163202
372095
77296
238900
480878
230248
405783
282952
461762
457088
494816
406657
159191
167388
426477
172420
394209
376300
465234
20231
30811
97897
484340
40492
197276
345511
266764
486868
298790
416865
363477
391264
200166
225678
480408
413896
288749
346438
309678
450870
98321
434816
34051
262626
26033
316678
64054
354389
362720
217822
333969
382267
423659
279363
380296
23083
229532
63520
147191
494529
57020
70168
443355
404258
423138
318899
472452
268551
451483
312749
194015
91103
464760
86201
272812
423431
278584
338632
91338
483488
471111
180250
164670
89381
59642
217448
307114
123843
424437
28622
312539
445758
131543
461603
130230
119190
223441
480125
315195
413116
373479
354015
333253
205588
12297
76511
163157
297454
76939
30972
23182
203325
154575
133902
26129
316293
5961
211956
143247
444954
470605
6257
185265
880
114202
489008
454486
221113
448911
298980
113833
298927
324
443791
111592
96679
298778
420658
232401
466192
493416
492750
415424
462006
162027
167698
310742
476656
264561
95176
366193
127510
84591
288150
209474
263049
425716
458348
327072
342275
98908
238510
323631
37592
204307
252612
117257
209112
311033
434055
339462
71612
31774
107399
328066
2305
387885
432462
31933
179785
17598
118038
449913
445722
158076
329231
321534
32944
90560
169900
134754
420308
404895
97141
26761
329570
269745
434246
29735
468988
444021
292421
315385
378507
356575
203765
442254
74451
380909
77235
283419
117028
443151
294924
157565
50169
466220
406587
276492
108731
200923
332053
398734
53584
279921
415513
54640
183071
169438
458298
395305
222193
4151
95228
158625
460272
127997
327316
157222
272300
399239
216071
274971
394312
427921
453681
21889
354870
47994
72795
45541
183713
363747
398335
365753
295263
465914
147366
314810
110483
156773
265314
169165
277864
441662
32823
283479
137110
205565
201823
362133
261096
485547
40114
248606
420251
463370
338332
275240
89258
362692
393355
128718
218706
341050
295027
122912
414682
260998
89035
51311
218022
217658
478844
308543
289271
316291
170954
65463
80282
273458
26709
10973
452977
391483
301413
269523
477378
253409
311130
160406
103273
319368
90929
445685
172543
156150
290258
282786
262776
478079
397773
385601
397426
275937
356027
485612
19395
128526
35553
204381
356933
57408
253661
178695
335709
57700
197684
206033
219571
424049
198652
399151
72742
312141
240789
170124
265575
191159
139998
280570
265147
191062
329382
237056
113675
84700
72764
185015
71368
201637
8554
254955
482540
324088
9258
402126
165460
306565
374909
158744
197315
489526
89944
480177
454989
128496
476992
164463
217728
88582
56540
365626
364279
100859
51563
462542
483805
421903
433807
285802
357972
403541
138099
196939
467471
485735
117026
26705
315696
413465
284943
58728
82759
118033
851
121167
439180
442539
425801
80385
9537
79284
74840
104646
405164
426953
448393
188300
406635
439964
474831
6432
193942
197166
78058
5924
449745
491740
36164
73980
453281
482454
169298
317208
305781
159504
278414
428313
384259
230786
237015
149299
223826
474444
270228
83734
404600
155419
74668
468791
17377
468137
221843
30741
107515
102002
291139
465155
331247
350545
91610
373212
23693
41910
327032
213853
236601
90444
457569
49206
326965
369326
208469
407074
69227
154642
58526
182076
74719
296227
379097
43526
209380
433062
164175
446890
301791
299210
354581
476511
47754
53915
436891
283132
64234
144091
176924
62935
470658
324731
237313
27662
317876
221931
451409
73732
22976
360298
488070
224726
208641
483050
169975
446754
191402
393562
135782
296377
314401
217748
303281
59214
26864
403156
282178
440946
373603
88163
249594
279215
445913
14776
273036
100244
308882
83912
191370
213953
224353
235222
425846
59016
494800
135753
370188
234541
156318
80867
75023
20444
389974
86953
272567
242525
105594
30831
404884
93952
185897
275210
25433
336805
26402
397540
183810
168751
438206
70861
43756
268661
138136
286831
38885
222757
173788
358176
102550
140172
494891
450765
175490
310524
38325
113216
9757
292613
203038
398541
393395
104662
113197
197327
179800
61397
364955
214230
48013
410359
265016
129176
64106
45170
300196
160134
406273
283729
352426
252827
356881
490528
483590
130651
22904
269108
297924
43624
59253
311391
299510
174494
294641
120775
89400
299895
497660
8079
218209
476534
391003
272519
58325
216315
47794
106851
334510
138646
401721
42303
174345
46173
111190
138324
463589
51493
64970
105110
192838
47664
341153
249941
206279
129428
175754
98274
87372
343881
178979
148770
457609
263680
147046
38443
315288
17674
326988
400719
242798
70331
473515
438037
13186
187317
210561
241851
227596
66189
53609
228894
184336
94957
475212
99918
34346
225218
274903
477557
431908
182112
477906
295352
153154
160600
259655
107028
58489
318382
230561
447405
333716
281157
407859
341302
226785
406242
333102
101876
440445
296152
309276
243997
331369
150745
351019
41806
164292
342885
235892
113917
16299
240360
368080
374918
443308
199145
36325
380836
80943
182358
141401
387810
38506
481118
327551
320299
323710
306863
173817
384890
352156
432498
462610
491698
295130
201166
77790
208536
104640
177733
240922
194405
337548
17896
29913
6801
290610
121212
169771
150316
417394
457313
390583
110508
364174
64856
295947
171012
334251
478332
280782
162944
159771
17216
478522
96075
293396
130251
427763
340511
283338
75715
36628
130202
140055
147754
128587
228365
315110
324717
163970
394039
149877
315720
385976
396225
15805
450907
295589
250397
54580
487185
33607
82029
456224
172206
309088
179201
25409
241932
94793
128241
201794
142093
12544
127065
282815
42916
155136
199701
93066
329428
185065
374471
149308
297617
129686
393157
485530
498628
296439
448695
101401
439517
336195
162547
337505
47651
166846
274862
197640
20389
282492
20834
341147
242484
113144
453979
330729
56700
159943
276068
254556
421785
3668
311371
399413
496398
377155
393732
485972
90055
47109
249650
150042
324998
392306
322960
54322
318543
312836
396213
232857
197441
89751
285786
289997
362748
120075
138438
337870
141406
230291
448495
109074
87774
444789
330896
362686
109516
274939
434230
432457
244520
338522
494271
136018
82626
243984
363166
189092
46655
451448
305340
349853
119753
482092
202844
164683
397912
334448
385468
250511
344490
449655
165237
228075
192610
126455
207292
1280
117734
396432
251533
86930
420058
163937
198172
389045
350233
218593
103995
242597
125519
484845
252951
75913
355449
179821
419866
436066
495010
353726
111900
276778
213567
498574
437925
495465
95153
297898
383087
49117
165015
459285
370455
272769
69066
417276
67576
254546
157239
486293
494943
469864
477994
17490
220431
292566
54959
268452
128299
485928
394360
459225
424924
146070
98596
416937
69872
86989
139884
372986
368449
141507
279679
476019
5016
85842
61396
69047
483933
160517
44000
321557
174499
436959
21639
258992
492521
46395
421170
152977
461233
175886
23793
288707
496798
394539
193850
73331
415994
159549
469009
23930
371251
233844
26760
370323
254489
356637
108472
177120
166549
345869
402782
318094
449187
408088
99801
18694
327741
161471
278925
381045
441525
10168
107532
93281
272014
142902
234189
317457
297220
385878
7130
470982
195977
420344
189129
28451
230961
499900
481618
311702
334159
320736
184176
100548
185956
75577
182885
293703
398064
362250
428050
261682
417529
109308
283069
98309
159971
446528
93466
416699
132835
189203
387507
132030
361437
410179
441957
69736
23663
101123
311569
181161
91436
112408
461793
407581
67830
418068
276507
124873
130605
18913
104266
489791
13672
180504
225700
266863
27513
23352
290792
399544
373395
242705
194995
393725
337591
95755
494470
76653
452507
108194
181524
114402
464619
178537
65
55466
233473
218354
81292
25624
363132
210638
92655
128646
259956
272185
381737
42283
443310
189697
257839
47445
142634
295124
323902
218778
468031
365117
325229
347503
300669
71383
150638
205346
62472
172462
358595
192102
317602
60957
70376
484199
9052
161331
357536
157580
86868
254434
482363
184006
147957
245971
366562
14980
228794
87632
465802
67346
19174
331191
224280
497334
345871
452632
117957
1131
256734
79623
129263
201872
407368
65439
408567
373502
260644
402385
381347
398027
170137
452589
67784
296946
123447
238922
466865
86438
439929
199534
379384
157404
436691
181522
150184
72686
318854
315373
271175
422631
380500
267448
30236
320273
36179
336469
399091
391365
308982
352983
34001
227740
36001
485336
495363
432756
47101
296325
226874
181440
265175
164166
145317
411379
365874
349173
192267
285539
312816
374856
439350
85153
15027
373811
161211
24666
368732
341332
289923
66261
355744
478841
215336
386702
322173
418548
430739
395472
24679
433253
129309
161981
446966
335256
399495
439595
452351
335947
161460
376962
401608
80133
30352
346730
221055
146448
442261
71013
354716
175235
408892
368201
404145
326876
435733
471764
11703
469461
320723
433152
171701
206438
220943
493414
3820
111721
304540
432997
16400
480446
356433
356110
431878
264140
344993
239398
11191
143669
319050
424111
82263
423759
360820
387335
166534
268469
208307
64420
475490
38190
28668
378763
460107
135540
296752
294004
79276
236148
155282
2158
458462
119869
407113
180105
42081
15551
58662
376045
470142
351298
466961
419560
459473
213089
282648
334474
457791
468525
19346
443460
30721
130238
32340
467044
210941
462501
471582
408363
314110
248568
354848
211202
475169
294395
31893
453087
491038
78736
161221
251915
401828
108983
280121
389103
449077
412484
199011
492234
353511
429980
206179
116217
109305
370646
165693
336628
132604
419698
419446
68369
113117
233653
183339
122058
290613
183038
162176
332072
397610
395019
77053
180360
285792
109339
201661
318298
309593
295583
97370
197151
105692
448681
238251
10867
210410
211663
448764
326640
334873
251864
409174
182824
37045
458945
161531
299783
398009
460957
29192
451337
419651
31910
79445
264487
276739
476545
309289
250522
71771
143228
46596
381684
206147
99824
488239
375214
270875
362253
212519
212977
416610
259863
57169
480472
351277
412868
24378
60141
454081
275325
160880
193981
450729
372035
292441
136433
448223
142353
96074
374908
231506
56410
253328
450833
174209
303464
47200
67583
323391
457248
52815
171369
466513
443750
361448
243544
112062
221055
414036
418474
96842
65762
485273
252616
482220
70642
242286
217924
234701
387809
148065
130485
466053
386965
48912
335353
462467
282521
165720
104171
108635
87306
408557
96673
348441
401050
464076
328141
196844
85335
3258
309475
433537
344233
272813
266641
10325
459013
105123
347283
24058
252682
236290
423946
28137
190885
63294
250154
378860
486974
91642
293702
396608
296928
463563
14080
104532
457438
175711
15489
389419
261733
347465
147882
463875
364531
305690
440212
187157
115301
355621
56413
486490
43441
113607
321083
87133
368539
307994
358424
166552
15607
487193
398003
133355
270453
52792
119901
167316
285493
33110
45331
213860
485427
225795
149950
343240
285887
59322
50940
458609
498318
374030
437075
348657
387725
95156
106227
484733
481996
447612
390979
1894
452901
426182
131495
268094
79613
425640
354708
487717
300032
228989
371211
373944
162870
443243
105180
97204
248196
243389
184362
323379
242732
280691
357090
169117
448589
377791
287522
332615
246183
424523
333541
85369
21958
37547
112044
407532
225492
388181
461799
344840
152868
292708
445495
488698
445598
475200
448274
69760
215013
428125
123560
404318
124342
412714
81931
188485
102639
274282
203589
325371
361941
84368
447466
187342
158045
293656
156667
320795
489893
185588
188309
329482
66617
194291
481204
332798
365059
371210
97865
339010
456309
267929
358614
440425
41412
25713
71131
301284
381373
141828
358237
157133
330561
101709
490249
2921
147640
350349
296030
399217
125414
97233
460210
382726
402719
93368
10137
85824
83943
475362
79752
484128
58292
7206
478760
196644
438993
242525
225430
380346
375495
306103
62588
421246
178200
336134
342281
247866
190214
156658
250445
210886
244906
402828
43287
217512
399076
84351
226913
333823
261601
215967
485915
166570
439964
277550
75236
325400
466233
163114
441936
92565
208924
117044
389576
297071
495346
278458
440600
271672
184920
321883
114233
266970
323168
384164
238680
210922
64422
175760
278675
262415
267019
437270
406626
309312
108853
177258
156549
268234
264811
354223
272771
233579
457925
460418
273810
113974
315317
272366
496876
427185
103698
40029
479754
455191
289694
180999
76766
297130
360250
301087
99713
436728
431879
472391
460799
17407
385129
465544
317919
44336
212670
36242
94071
137953
223371
403731
428634
422481
332562
52741
483789
156999
160458
133656
102975
393686
122718
6574
441515
257635
287189
89254
41206
209157
198584
451926
35969
148998
220844
498862
124853
358808
120934
482020
229034
201128
197570
389637
166187
156311
38207
180682
489713
278162
47044
96411
388936
485239
384789
157185
395119
141699
134265
398308
196815
100746
288291
476555
321684
13656
195566
187873
22256
27560
133883
202938
17794
391582
1061
195496
93358
359449
201213
188791
331880
426855
291473
166629
466533
303492
317807
246953
321484
332756
108314
410313
382700
415237
205872
143050
423939
131450
366473
144740
106562
280337
281223
406620
958
110838
282834
64844
485198
371621
221327
493154
20202
75415
465707
200302
483726
32772
24537
447344
349441
310262
395812
143959
109315
10718
379973
294268
21005
232680
221111
106678
34423
263615
297395
24157
360410
1382
163813
77179
298969
21276
180349
14070
128870
479962
437267
416092
245468
433195
37848
93975
128124
143890
34327
453825
356739
421475
391184
412446
92268
64086
154832
214250
197609
275111
44294
10879
118142
189299
389946
320812
200014
408238
42752
155170
253365
434022
108446
391566
181534
48072
269751
170993
220986
496140
273735
465040
157833
215381
154400
451715
196795
20313
525
388090
316898
73536
335075
98737
461414
353399
43069
442115
76711
332074
212055
268566
110594
327851
200747
431696
411357
408188
238957
206100
491116
321756
56621
204847
268417
331883
417447
206287
160541
108959
86728
23225
287657
485164
497838
66487
295938
497507
6484
50510
316861
306360
119703
495973
322099
404308
460653
402469
143331
325450
374533
153470
192028
245463
118931
394995
408755
205028
477480
282361
33849
215022
198551
268612
419070
337339
168741
367779
450168
72095
488995
397595
270295
158366
273394
308557
294341
48886
400820
322930
477291
27660
403554
306756
243424
109716
201996
473565
5705
14578
260004
355790
297415
372049
488386
286772
259043
89164
198049
123270
443103
65163
298889
48399
260983
457960
396033
393460
483199
137770
207926
462361
88774
122149
38378
398274
272688
376407
327206
313339
201742
198189