833663
556900
639672
495653
21807
747834
676150
863525
922480
49386
97086
786303
890034
692270
689267
963640
922317
382153
469974
274096
550135
259117
543915
860697
912681
315801
957953
621526
833524
183258
881813
307940
966339
541749
546213
225355
744580
585615
856251
359736
608499
302220
806693
399740
834091
463674
566185
688534
419272
12028
556571
584812
747890
338714
264240
115396
299845
744929
695853
16826
994032
280916
638125
288555
991684
481773
621321
266110
803337
654765
512905
879356
146591
612750
294341
633920
98771
331492
335271
145104
433453
907563
28428
398607
120201
859723
715010
568003
381764
418635
583644
450192
726156
508944
570416
284493
686796
997244
627655
904180
353283
339388
345955
445325
127081
447271
944013
31306
97092
58613
206038
340330
422153
145164
756575
449489
386877
1982
893881
105209
854179
398854
204007
56750
53590
568424
11809
740585
883115
613542
263152
321807
818913
598510
917151
498637
795965
828045
57171
838281
127733
964439
535108
403296
72310
135408
209052
235898
11166
877119
776508
780973
816760
268558
656259
978366
432294
542399
127960
296667
204145
196815
344109
493532
73712
576698
394206
87269
80124
364136
442434
412925
499288
584529
176872
858331
462980
448776
389254
37116
57019
682382
482960
235010
406911
623145
62063
208931
378178
795315
649256
340143
366939
432161
528415
868188
645510
694381
23995
695723
854309
287388
677857
386564
253582
190361
325869
855931
43370
21080
288730
797317
461810
686507
888471
807854
386447
234143
36936
706486
870668
144463
268651
849046
234863
740328
21541
976946
486298
719775
309324
516946
996762
574668
831130
327108
364257
852102
157070
352204
776926
597813
140834
765763
491596
996138
493646
852370
752653
613527
716687
22964
755829
84319
830513
117716
594917
742264
119771
556168
523421
661735
571708
993807
125872
680239
758887
989963
732563
895670
731907
797732
162078
930876
587633
653913
413634
296241
196833
617469
135530
720860
533661
81879
832025
860425
335835
266359
747597
445530
941425
750646
149597
67460
552355
662687
147504
695683
507544
146780
462087
513065
996921
897791
884960
510331
749776
844604
95670
405683
409031
864535
996074
596398
919299
574546
527200
540987
362014
287281
66522
484968
198718
337624
717289
469993
730901
148511
705358
19885
862123
909143
329835
753967
590090
704285
129595
646477
99784
897566
652909
446347
791666
423445
617272
112310
315329
678495
173472
458454
288695
79853
947903
898917
657951
288825
343150
834319
785856
383729
440329
9242
480650
450394
848119
232514
680308
33989
296204
453577
617423
854129
836785
936765
109882
84406
34167
293426
202987
41914
919602
911099
77264
759388
50500
300763
299176
603855
868726
20273
888638
822342
220546
537354
491741
76473
305319
754904
988721
461237
905333
813173
79435
741042
145673
540824
612689
343604
596410
625435
878308
186971
10913
847158
443739
218241
647749
335490
463225
992884
547955
285933
945857
793645
370642
894510
177115
963175
574743
377710
736549
442126
639665
546951
974916
697845
444981
948384
172953
929293
285107
629037
481955
370820
789312
112092
793230
101240
270778
547304
984343
754796
430288
481944
235319
732060
739950
166087
921127
663133
398874
72027
202367
938354
192938
374526
697272
966558
171777
585219
948946
342151
147497
380069
999265
782648
689916
707602
337932
741094
623179
829131
731946
748403
903826
626654
32055
894941
7767
254550
425770
224884
404966
440288
520917
305907
614086
778503
727821
157428
682120
400144
989295
753256
964900
529355
218132
772608
129320
407911
636202
605558
181725
400836
976143
680605
272241
764314
168710
212435
287329
450681
719293
941988
826489
804611
597012
90348
250828
294150
372968
677478
459218
877518
528749
982254
970355
596965
265427
522688
319772
997313
734370
134287
293059
616292
314638
201012
825361
604528
884599
352961
310202
727171
179813
605500
856393
275646
805292
441197
213758
687413
985716
962772
983001
702120
154229
64450
760280
58338
550273
341223
598080
155572
818004
49798
665299
729285
55869
938397
455170
726207
152046
719996
724724
54066
325137
197406
825284
365905
575096
120199
853232
583536
143352
701509
300989
129707
25352
169867
35420
90638
132108
143331
224432
59477
330889
820698
527052
401768
200861
839352
579059
902245
433170
378883
830969
388114
286833
917384
90227
256909
583013
105277
933839
811209
640449
930229
549099
102331
83887
477404
330960
782741
342467
962718
873786
314312
602396
238601
206315
996207
245114
5745
29734
775335
488654
805053
262834
665000
36522
334317
6686
534331
246557
946078
939989
827721
95711
801477
15041
742886
861643
435301
478662
821462
289528
450150
698709
656119
831634
891285
764132
263201
733863
70772
873118
229697
403938
626131
331097
449932
857622
754018
352151
445880
789876
930844
697826
895700
98877
163394
670958
939036
600170
541337
693493
499186
227483
586487
722166
224961
124923
456683
81664
883129
837703
792673
796374
809323
585465
253751
708165
789987
35501
633301
460699
211566
562588
462668
294878
449261
286904
148627
401719
958751
605124
775544
707819
598622
294522
121723
791604
262655
218554
568756
622750
512038
599231
201669
269250
916200
695799
339840
279735
636641
700898
919799
288002
487883
753603
337993
692280
412133
470303
465351
951711
860417
939682
679591
341908
341128
104096
563686
873807
481293
667324
331954
923498
67140
166913
202958
306133
748619
160279
510030
292262
659307
718773
774557
318721
596298
546114
893091
932963
266742
369477
754126
468015
64784
177551
432412
287076
793504
175850
640674
828500
30199
979488
505378
715358
607446
75669
461617
781920
644565
823850
262050
45336
187873
70506
948843
616940
403645
163113
902505
567574
135221
153982
697951
515931
232302
602452
824357
875083
7972
903444
480207
982185
282969
558852
811088
372445
781946
840908
233447
448841
960929
177131
999752
904497
84585
19579
640679
857168
138818
644388
53094
89371
537079
347376
871546
875587
692610
665241
26360
387606
537754
276260
656946
293845
196117
808452
642262
440556
718520
952233
443624
433698
68585
11079
737395
459443
962790
578889
460591
717724
51477
728759
772608
817411
435945
635378
483220
891452
31669
190526
27374
288324
899027
857
287527
450855
269669
974358
516049
763057
988664
915966
694721
150619
953789
720821
441870
846589
461312
2204
392042
784956
983561
506169
394748
126307
626121
258648
684463
36857
709962
748942
273352
735208
115091
725133
15472
91249
31379
728967
134747
557954
884158
205481
410775
594019
331644
668103
157694
711853
578708
846739
969050
97147
472691
796202
523521
701158
316999
596370
219095
850676
771434
636063
633664
272314
331996
36681
157407
131047
198696
340883
65793
666622
330890
596461
195605
973245
794574
671448
483216
237475
379458
844549
648358
412188
66799
247856
399911
92493
402276
788636
736321
790579
940601
207878
447680
113575
353011
226408
873341
287641
777935
458819
262151
278308
930893
272926
545803
866583
708212
974769
221698
984840
615133
770632
756545
219096
671025
272831
119622
355633
750033
911188
265396
804066
304335
294531
582242
679062
485610
73477
677036
172408
716381
175084
163785
699843
282406
875781
107898
821005
186298
337092
921434
268883
111108
4719
667137
244678
362268
835127
967144
760731
781983
732284
881702
412732
817195
625714
867729
649126
857032
925425
915551
370196
782305
810592
612973
170510
356683
878858
183137
57093
961041
862715
145868
410553
952575
323777
179742
355779
943786
391423
789627
404505
100553
573943
736871
911194
522463
885870
510827
3498
20263
323828
743210
778165
777858
921824
736644
323050
868010
579430
786128
942721
619203
850433
336241
598398
308843
521151
365081
218348
113038
947878
698704
228616
6794
445216
935379
811819
67935
706711
677949
30146
317166
285755
979162
838884
631327
806562
159387
737544
660882
783779
905984
382557
956042
381730
205530
482133
446524
696441
51009
319639
95564
740434
469739
494357
939892
691360
199299
729872
769487
797923
366250
488062
989437
102284
563077
59001
723302
281905
85554
565796
467147
429469
720101
708862
838739
86433
919150
150675
55076
183650
407509
961664
304804
935898
76284
688015
758191
475001
936840
285295
66265
521980
323840
141257
449537
719338
485462
58250
419712
334828
453993
707330
47844
403167
21502
826643
322165
549444
377940
195364
832788
935096
418438
234889
528675
353085
191487
683279
777751
957277
173585
475753
560677
231165
827970
916934
67792
959115
294778
586173
239369
473535
413240
687134
332937
988096
902275
143728
421844
487004
36017
239910
891143
780421
44115
258311
789787
280848
812788
459560
241928
210096
707416
626677
706408
285987
578635
388766
196649
775754
348515
72853
758414
151951
222109
659711
850237
754846
461341
704382
97000
319477
109505
542144
931051
148405
4743
162503
888882
845113
702523
236770
470269
981245
846673
239579
994977
797112
741930
776099
916800
667899
164680
9194
782201
525801
388318
161155
605274
607130
882810
357040
750170
432540
935045
175000
377031
78045
573531
326194
483488
227050
531915
607531
735441
242305
546343
100408
409378
271336
733866
507733
393843
781213
218040
252524
54173
580810
686952
586304
472181
153391
322065
534533
221824
994569
439388
825789
779714
265924
64965
534930
440093
719826
326638
89252
630984
804585
851186
460614
995515
574063
240356
839756
615139
588599
786397
823627
420101
373715
765113
733092
529020
231304
365678
46319
681392
669411
718872
351965
176837
917039
558363
461999
303026
385945
711031
841678
582979
651902
216475
861423
782693
781639
931860
458706
531087
706495
519029
863274
404640
593095
553773
583660
130355
92559
750257
319883
692110
575879
343283
402602
37031
795812
940195
200265
178773
888578
208453
15764
63842
402197
636216
479400
253114
549878
477592
926089
552957
586953
678722
920311
459072
803071
813494
97969
317767
642462
783559
247333
778855
854190
841796
574360
400271
291559
173357
475802
427396
913020
972781
260818
816667
485632
106497
351482
355464
555383
878093
252113
143269
911198
687101
625714
997223
613679
898053
72807
672464
757429
916264
996071
126815
446176
258735
804905
200635
979152
374592
268763
449972
306417
244315
418942
848051
69167
606400
659142
102315
192860
252736
932278
880477
817684
19275
396624
707596
544867
348391
642395
289577
474856
278020
243268
467359
770814
927275
490657
50607
95377
23573
771023
750783
385759
681537
635910
35603
973821
163728
766333
495360
368609
527454
423806
104619
984699
978629
926135
598658
581946
115086
586992
264801
866938
15904
271093
238947
464285
7609
970706
138243
66213
630942
553971
74163
387355
374480
926883
885100
621906
524250
488372
815049
361771
8891
850312
115163
594039
587994
609243
329195
178288
770144
563167
805101
319940
502497
627321
893416
183387
130910
990104
712494
757722
709598
977143
800054
42254
473931
670148
204643
215335
230419
848418
354974
174778
804815
452949
37272
566230
920598
716829
845531
285453
684391
168193
488343
193088
854840
698684
265782
796063
117909
312902
997313
790468
132327
758538
609797
49289
149215
701887
855416
189465
928703
996355
574613
975218
153389
756344
826635
353155
485702
861073
780600
489299
578227
843233
945202
709904
809111
386533
638706
824297
160211
334204
158165
265391
964074
312821
640435
160879
956983
299685
388277
978480
95946
137452
423671
795559
230979
200785
812050
305188
240630
832289
667782
403135
359325
348202
604299
238269
65093
576900
903061
430690
428399
133549
148649
370654
774852
995102
286537
285931
952080
462761
635791
952040
79215
738850
611959
113338
341865
312437
332378
435116
288333
14602
254965
342316
667174
208592
578715
249268
283948
827514
749369
672605
248371
734586
790490
880789
953161
724309
684445
368176
69143
137727
691509
341775
295082
944015
976467
765079
818213
918520
445470
271255
277606
165290
841515
49392
602336
362192
208777
675851
785017
401525
208369
582469
245776
135531
501154
138991
82624
295164
532870
783997
436189
198930
636780
485343
990001
191344
542343
116874
615961
655434
751740
584788
813714
750213
43508
307329
97212
727337
574527
794572
235701
105517
48769
91280
26631
662576
724731
645118
361109
878595
263895
991344
206912
82768
234787
383496
387110
274304
933807
593146
18388
458525
855607
687944
155754
992635
270299
461292
12166
888688
463278
257080
509829
516271
677203
323748
982269
430742
877273
825978
369746
897236
455742
921851
465787
937092
251990
422614
652757
413153
657477
852280
70390
228205
641391
625695
501674
641581
593377
634980
151377
263554
527478
387548
214040
354648
794103
924468
436788
209724
427083
439293
2583
94280
566122
61981
344962
494864
414273
686482
615827
303628
5383
116614
582641
872576
902934
808592
92944
686222
383939
426421
319359
512406
152449
698389
589095
422461
417664
204042
885776
43729
484142
483690
804201
629485
746851
578963
226354
827240
276119
445592
925756
32612
368182
418346
94284
247259
468843
589470
768053
109100
513354
534065
738646
983597
574348
901037
278678
698310
109398
662060
426758
748808
127476
478481
248811
946793
385362
992176
871930
756377
411974
953140
104750
880501
550452
607061
482211
265
175078
797542
108112
218213
446084
768737
430716
226091
961520
25938
798613
361202
280449
408725
844387
432791
890790
504368
510643
620647
791155
427242
100307
425748
193692
483558
822767
97005
694049
543296
566809
859734
859548
495860
534171
390402
614590
869681
729946
358055
916359
947584
719329
240366
182948
408875
604379
959689
803740
207346
660756
674002
2671
614485
84203
999501
529565
66459
888001
290944
54090
129994
392972
822589
956648
374799
732116
745145
204772
738424
288545
988900
134202
495529
173608
271610
971627
941564
586230
984724
189120
743240
163503
192274
688757
867107
343577
72713
399802
708486
572387
142782
22460
283127
573464
222605
459886
318669
947916
27258
708944
495906
684282
308611
134313
237088
727772
805983
247799
160157
779108
431077
701653
333987
231791
450177
6386
594646
709128
26897
513292
955705
948648
88390
823231
141167
45464
374014
275091
732464
125606
497656
884369
315055
672349
700248
372331
371790
123542
810815
154595
307536
652085
647211
153130
839892
589706
581728
414880
405432
784424
673060
967924
776061
513410
640073
200068
478110
469994
584781
720015
59452
176390
427110
761866
724511
512982
556110
982002
220247
667896
821285
828072
903060
532642
136422
27106
826747
72747
967632
17908
399729
798266
106314
523229
469365
107723
893079
757219
920048
947390
64149
799339
784044
33816
960594
490817
504752
853003
694291
243268
279365
832884
322182
37479
882893
912564
329703
95724
47915
296891
639019
498010
15301
297642
188935
513609
631184
392786
979211
864244
847446
190812
573995
982990
6070
423521
975252
584496
172342
528326
304150
849593
644611
577644
978752
145922
660114
446911
176111
920264
749850
412833
787903
179898
869741
128483
700511
8469
961050
275942
506357
217494
742148
914387
19168
492834
112147
918866
48697
952072
904638
369932
747144
820542
146327
803182
328753
814718
435403
966914
83613
652685
705667
972127
588586
254126
488112
491395
994383
87610
542304
245556
184510
417610
189465
230199
512245
945446
706517
508557
372706
224477
582528
275781
605131
63190
14747
668714
205947
474067
708160
615658
593801
406779
362406
799756
160
878257
986097
736010
391048
962736
281222
359369
485853
773562
371538
692749
123735
355309
107578
634221
868878
378425
923111
178785
419984
674197
69766
160262
303848
990830
561938
443468
604725
593290
936630
843268
935363
401925
740772
313227
529324
439264
937097
704341
731164
382424
32422
653534
357894
314464
881245
722693
326810
620543
260536
825807
428535
993512
276126
746781
529204
593774
711077
645090
639826
627312
590375
514665
836104
323510
923741
745738
786656
394918
25022
431151
654878
435142
708452
239141
750193
864011
117720
754200
168585
827257
11911
124769
56541
358650
863868
804037
520681
864113
599777
390241
752158
680097
119137
346627
175396
905612
56859
684999
487686
823098
575343
170283
838629
435995
460711
353275
274246
182519
857108
330798
557611
222437
228141
796472
182411
390846
988205
172995
304946
800929
852972
516224
198370
988641
173667
217305
823272
825241
623307
438539
940380
829988
480301
965587
849686
287436
906526
352844
335513
86481
565436
322264
5706
525433
379022
217403
836567
901800
612363
883650
273579
480075
600913
546831
851427
887028
565290
18309
753541
17093
24960
961119
783302
362446
698297
146716
585921
781106
192111
318935
64100
942822
645316
326538
891079
536145
421449
40358
856396
121350
858523
539242
844187
738396
524233
274297
195706
554348
177900
122472
809064
530300
278808
73401
430365
817833
942243
845774
191854
814276
24657
748583
752465
375594
606451
177835
308467
852342
856459
520407
855741
207657
350632
130085
495842
99790
946463
267530
28173
800545
479651
262424
102903
995702
872872
286144
991234
240817
650001
425939
824929
190817
114300
498250
118806
664407
429107
839757
979871
194103
296253
507952
418438
83180
96635
200931
623404
358309
46520
110793
628359
393260
224988
808847
804877
838251
679908
523025
980339
380647
869911
222963
771723
200935
430961
740334
54658
533817
438735
450545
895952
342795
476609
943191
898632
545001
812106
801285
831202
378686
932583
215559
828993
133215
365419
915706
932460
363444
676225
275975
667873
668326
767416
127242
545731
182932
301261
276184
678743
82532
420009
466070
334559
740822
745051
592974
285888
959280
978789
841011
215893
650867
368590
672439
557312
349875
240231
211032
186339
938330
130895
72169
814748
678760
664248
44625
705444
857686
181871
205291
273559
706930
207126
913094
44338
872566
22729
915406
835652
83127
115857
524324
778918
931280
311465
866248
295321
476168
102461
362684
907723
211375
874961
97230
631057
7788
146363
353858
417597
722131
571082
306056
280923
419451
42910
30535
387040
268580
621614
431876
853494
335048
776402
852732
198249
528748
68308
452131
548871
375888
571948
442245
739465
511528
966505
677268
198227
967676
166048
479993
478958
749387
790553
203749
496301
305870
689102
234510
94380
315270
33392
591577
241052
623974
222722
54819
798330
640171
533387
16848
544886
213283
404394
120231
649425
112879
410799
500272
465057
18107
539871
697703
699342
619820
333456
110514
762577
723507
985155
572379
997455
630618
53183
406542
917369
237686
799663
239952
911049
16992
540690
67758
356941
987114
887734
518590
346653
704150
192141
106381
987680
342409
820701
831681
644413
772327
70042
194024
445562
814485
704663
777408
612237
556075
131845
134443
8052
382220
163667
475374
2535
760286
748298
482270
402257
211027
471634
918771
773510
767952
705824
182516
905084
215576
135247
101455
598770
511956
457534
378084
411666
872845
406771
79983
342724
791455
896486
43616
57737
130948
964207
514519
367139
688407
244664
498400
915832
483495
567893
580982
648033
416244
907109
175796
847659
753876
309054
211402
533035
230973
149078
814775
396335
618045
93738
35522
468096
357720
317464
708398
117334
287678
908792
806444
96275
647329
749985
273717
368477
75520
385417
820779
345454
395558
382618
401918
339068
349859
213506
90672
823189
137388
549075
755129
967294
97372
756646
579267
956259
309679
17282
795845
117475
95307
139552
562063
797791
384472
20825
666340
53288
889697
475798
876502
484192
348040
351222
209150
940038
352208
275040
659894
5063
67678
922216
246641
258359
6042
525082
998804
735557
958129
226734
688476
455516
331287
598692
341511
979390
931778
676426
806058
244011
987569
721886
249288
353732
360975
337039
64466
738700
793169
417553
157099
45333
779087
455969
522851
409206
855075
280293
202053
798658
604224
570165
948327
639520
739491
877041
849932
35164
395777
761968
313226
919511
489541
552850
74928
280119
322042
791297
201028
872206
224393
125233
994732
372829
852930
136301
443142
897398
658130
683434
466619
726525
489873
633845
508518
846378
179224
867634
53874
388439
472024
861595
676344
618425
100002
391686
152998
580996
643510
239264
387395
328278
805324
163621
309684
153113
767621
944501
861300
402097
315341
877193
193267
422491
30651
440600
688363
561559
329917
58996
629538
999908
712423
235164
471930
106706
2017
465547
465160
401326
224106
746071
195736
766614
729616
858667
254706
851920
928989
884728
280067
996762
80594
871678
813085
859777
601159
905343
163895
47185
950525
350519
853035
510967
555398
401561
460935
556466
620741
960565
898064
573038
753736
339127
932773
155661
24929
552932
624415
644586
416843
881305
561845
654786
367355
671884
311602
513089
936268
992863
102790
531774
81244
584009
885285
225275
808298
759724
809678
91746
250512
497049
258418
359694
869235
688007
647817
938477
118497
228122
188021
971407
981614
474945
82414
39164
521302
790363
526622
669999
695649
538218
276457
524733
353584
46030
360136
215296
366489
822183
533185
782309
895869
400291
318887
304472
747741
386038
194066
88444
202728
426940
674713
926426
476993
475321
733690
975727
217558
656591
147931
786170
590595
235765
260818
755085
785020
109066
497974
710598
504490
313366
873724
775389
782540
320914
768869
696810
167649
329853
511585
133639
378639
201197
988422
101811
228804
597040
187749
409818
65092
921664
655429
9879
348553
828407
480496
175816
42340
993895
312234
559878
471671
495269
675507
296600
583972
256378
86191
740007
311307
698492
404894
43270
746765
592786
177774
76536
3107
329783
209034
392562
115214
725272
90101
593025
137285
174398
600734
681826
24942
598651
841349
224544
508676
471388
808058
458143
460153
386573
640515
12774
732313
867960
579138
404649
280404
28592
82498
29773
394836
183047
503277
257482
560541
343925
247766
213573
598539
542318
313715
877653
123703
485446
278933
377624
123614
991646
361048
913913
943583
769213
99873
318672
295550
364257
751882
540399
274622
230168
239659
156369
406584
526515
480216
97313
468006
747324
139434
78713
922493
48577
654113
502613
560230
863383
872436
804404
890402
712436
79856
521598
407117
929360
461349
485479
420522
92739
935783
208155
661458
495451
752465
809789
986257
64669
708660
813019
828405
588542
525660
77102
27641
493282
623457
865648
183793
2836
16851
558421
53042
127570
474925
687977
66014
798008
744640
219952
17080
670933
413729
797523
138890
255940
536612
490217
398581
180842
38574
199955
300749
196518
457397
718710
685241
85701
775233
507087
27395
459610
799201
459761
595094
794239
492661
494008
758044
570464
838557
951838
239474
882288
967756
42781
300438
508330
733267
62484
419139
418568
69127
227390
512258
996065
948928
469337
409604
858818
289047
36217
71701
3512
952960
958753
944762
73654
301307
852762
604368
301666
59452
319433
418379
843705
782037
804202
141059
669304
974839
671918
751245
840367
460060
590875
281788
728495
322582
983015
41061
924831
779438
390837
366621
389048
178415
790030
376122
590562
218679
214915
1205
296616
462237
969762
292692
970988
282950
707104
573357
76460
978515
612920
193451
617283
454131
110662
909273
178001
193996
370010
360461
605369
324448
909019
316024
860079
555419
283296
751720
20514
191403
738445
259182
497
963562
101535
95747
827402
395534
797247
344451
690414
578457
947979
887991
531682
31002
257090
238172
840112
49368
918135
808224
270344
573735
677260
879605
104992
139588
305200
189334
543438
46895
378427
179613
452428
737057
299663
473782
329802
667263
295666
747602
227308
809616
456803
231382
923803
705743
228540
237966
463948
895821
335398
787625
93216
633318
843295
395201
579701
307828
134384
332557
429252
866122
654709
128078
223052
349777
510291
715736
203032
331853
331138
107565
674233
413316
351460
720123
181705
426018
476448
264142
595466
425012
886869
818068
496456
889142
628999
720713
159706
722935
619458
390255
203625
32672
506173
29239
995582
973457
707461
289941
478603
277506
374219
565131
481857
121948
842389
66027
285803
483905
671235
421305
240780
626960
596076
901058
157598
203815
868161
851366
543910
425688
537970
610115
811371
90675
340013
467943
721946
352511
188504
21602
554122
36043
575588
294974
361870
34498
77446
396654
815492
192756
932164
239618
902918
586588
968382
877155
812242
807362
856876
19026
132890
742334
968843
848179
136800
703344
185440
195872
12309
79630
390207
183499
433029
413185
772178
291609
4816
176128
46586
409719
584374
985223
231871
272059
134315
928128
218809
871463
918743
122604
56686
862953
100463
344576
492172
682369
781047
458608
502435
242963
545801
149733
11177
642127
61205
963594
575508
767493
719249
934993
96573
25597
389173
591940
213552
967824
641899
980515
765595
496324
131500
984187
667781
299608
488595
65037
119398
18347
487606
414815
841124
634333
918185
695461
793294
905168
93901
515847
318268
11523
531011
166487
912238
884065
682459
445723
632482
891286
491342
879895
493740
835056
974585
951994
345365
682171
691044
761689
776753
385293
231642
132820
31546
2459
289542
730465
482539
109319
230682
593300
922984
840588
322866
220431
780331
934824
321655
819886
546801
677320
93340
915527
502459
235907
430029
391378
956364
245944
292117
913119
305056
888256
127777
995568
320844
203257
686335
786025
493282
874995
911041
736767
436149
724940
929922
291946
677095
324262
988697
803582
632089
135433
126721
505546
228960
778466
800497
447425
686793
729554
874203
152016
985211
345696
711843
777427
577386
297756
405073
485776
571694
120017
340814
214981
734377
352146
47822
824581
364885
37683
969827
710417
134113
730181
416108
112225
99660
989967
221496
145696
153111
920504
751375
175061
681448
977846
537829
756732
940324
682308
430779
297837
445400
426809
979311
345048
302724
97101
830939
320819
621151
914981
158953
809291
801938
758528
122834
313749
184424
983377
765918
670731
73096
149074
795004
488810
625785
903307
685617
430595
932191
337870
712956
638752
422145
208105
948660
649191
877482
118934
31632
732429
437812
998513
568194
56230
515206
668635
35992
12754
329622
789454
254992
932746
327184
334661
912654
791069
27450
420649
922026
361924
852032
979028
628603
493746
756735
463995
254607
18365
245777
861480
357161
720612
498427
11105
367870
394382
727479
705138
607537
104189
35706
651207
637756
286652
841317
638776
587895
886173
27296
520782
180169
718812
695486
933314
876380
595568
534108
869783
838642
364643
345791
526431
154704
826150
759038
446988
545229
728172
9211
541159
996963
319865
225487
918479
920445
110171
936015
171852
775686
955661
90231
209116
462483
199994
379751
563591
3627
606441
847872
279536
424412
656232
903212
185566
510165
468682
167089
989383
312438
81153
249483
540302
565940
193895
52067
615328
561899
651673
329468
583046
88727
174157
840639
209869
740347
472548
426449
905338
166209
663578
30097
826622
411617
689545
295177
738552
872303
380810
176868
419134
737876
879116
287523
848431
530386
974054
367668
57026
539423
156253
188581
424103
457593
141182
420496
266366
811697
509071
27528
910650
770450
92429
178878
647017
234052
356594
837260
516521
610082
152250
171579
923663
561157
759944
997669
527194
133008
712829
608423
935518
203852
643524
339974
407888
116435
380659
477787
705683
334118
863311
857629
91328
605148
591793
239894
158132
635143
274784
167560
235957
397412
23686
137836
908058
105118
348657
764142
908888
269880
385684
778857
710139
128822
31989
42089
848843
734774
256932
730142
724314
78813
489515
585476
404126
518764
617993
762572
956111
696112
51616
808440
222683
168364
782524
890969
521921
560147
933513
372746
584388
706299
782467
78763
193484
17469
448164
231659
292808
832236
52004
881946
839372
999592
218858
231437
812699
428934
838222
39159
141951
366058
22475
698151
482148
502744
385571
683308
435379
54529
433789
423916
731781
118870
194188
851644
467903
312068
142921
905500
209275
426766
285607
504841
118640
740203
418522
876219
566501
857625
180981
97075
449808
797924
686840
432134
881475
813442
380047
129469
211267
468541
914526
697716
755262
421672
55736
94900
206661
769329
515737
561614
679966
473366
535842
160709
767402
702439
335831
740701
41774
466936
872488
195022
319620
654644
441608
221528
447467
160180
239611
297338
723288
731267
29934
795266
630169
726658
311762
13997
685736
181634
773947
517662
428490
465918
879166
864709
186234
695687
809134
447518
779709
414948
737023
232630
122500
994948
769075
725868
171383
318752
713588
413544
354468
662296
442049
132370
331397
74517
951441
878139
159367
598734
223227
471362
989877
779888
16787
131787
120533
935252
897334
647488
324381
653047
813397
447419
574731
465587
604032
621025
413242
81523
342167
984960
378119
266234
542236
576633
685562
963749
231929
47514
914903
527960
103512
264191
740692
527898
669074
569249
855204
19286
493676
803657
799753
27490
57547
584341
127719
260128
493053
246895
658182
862759
55336
518656
627321
146224
131647
347470
274690
184191
644790
683783
547828
13099
215935
320945
507477
397190
157281
630671
919337
104367
524507
848305
738806
406715
765311
812999
803552
675589
952811
917261
364099
348554
937037
579343
577088
542247
906936
146395
969181
483903
646827
237678
665566
891438
730765
110192
893672
136882
960033
118426
737316
535276
96638
240104
269129
187161
232148
600777
723775
92113
990080
216361
123317
929038
547758
451322
861367
257530
112253
527196
398146
165493
621157
522925
505373
595362
785960
6917
703805
754807
702416
471733
351469
806405
346739
313465
270864
441047
407218
164144
426574
585085
112314
469711
650667
809362
640159
524414
964605
784941
96430
480969
28959
279770
974838
297126
960339
500621
766042
930630
757915
702692
579536
451846
212159
237270
93066
919081
222565
376427
132337
45330
679411
878884
586573
65392
635888
945681
473232
458377
834110
820135
336989
340645
520685
532703
691431
929866
24116
73076
199324
743329
436419
665757
824518
439116
611303
256732
477957
320387
933464
126081
883456
654015
210354
942593
557255
165593
335447
62583
754231
75001
277706
417405
104760
999001
696457
115757
742985
657446
519492
426649
830694
816274
982093
955216
390360
868704
965497
633063
799682
388837
820079
573578
113092
264557
157617
838000
316772
810819
635874
216384
900654
960923
636661
407156
457237
138138
440032
408670
920522
294890
849009
390238
161310
791248
472196
754944
586603
294682
275428
528125
480641
27522
798050
966783
926130
502278
243513
292848
751062
320246
311314
937122
640971
191107
362502
913005
829707
449965
68437
97528
5296
877793
936805
287076
254013
747522
41955
30952
94980
35247
616705
2829
711898
98353
241182
310619
624677
59771
56380
766068
862878
968623
861201
306937
685666
172128
733348
425205
528637
192894
200778
136048
746042
328857
312140
248224
933747
859817
337149
728302
101485
252246
194409
987771
380360
695722
621492
258746
953659
597520
751815
694918
667288
533048
101008
526071
881232
768843
730569
145539
31330
24680
275165
565645
540850
381997
357837
589753
887547
921169
831354
973213
568881
25794
486759
679200
200188
845691
788235
328446
583531
577775
367584
793003
203619
383977
440274
598767
285538
599514
396683
396834
396874
75975
126817
907840
955621
630403
930956
36139
902807
199608
982847
621165
892404
476529
705842
250717
282040
947488
609425
927282
452933
149279
210255
757189
701711
559174
129746
391558
382672
166089
950226
950225
836356
574386
723611
772674
591513
464119
591004
457408
739697
355095
945987
595477
566825
576625
419532
287809
936489
724896
150939
362521
985094
221239
414512
995271
936564
452020
148219
102194
48029
319224
16092
491812
265069
320681
975939
629804
807115
373965
422248
597409
915009
791858
19732
338075
869109
158614
524331
757667
623496
316087
488800
294156
428167
654746
159705
213261
418491
148658
934134
5604
27003
572285
192948
257950
869549
913997
188635
12012
51117
297837
790999
750034
662293
618316
63913
595788
718216
188650
251315
219658
724826
525692
249442
889753
993955
953
221576
738628
484155
501234
901282
454971
726041
146834
108902
812473
363000
621387
727291
805996
428690
872856
621879
80377
212038
628288
746036
3599
176958
601713
143529
554086
131340
159978
17347
923473
740218
861260
869009
612783
257446
744447
121981
111926
777421
710234
375097
596821
413859
992963
729284
337127
510278
440423
501542
259105
662032
443639
652684
9003
647581
243048
785166
217130
306478
11168
236176
33694
719289
357629
334927
342434
308836
26642
818285
858143
180045
940179
195763
630854
562245
930441
939822
785853
92281
356957
235070
355411
278105
353152
326415
587667
86550
527089
18608
717964
705458
685664
795872
364899
690935
9876
834003
105039
164907
606180
468443
407680
992288
775505
421705
978563
667998
345315
414900
293357
905478
400918
849845
856120
92827
265738
772721
50594
830197
979764
109329
744485
279650
3957
195969
764385
440868
50897
527836
380251
896052
362263
471259
337225
960573
43803
416304
161786
600439
15966
943992
165892
944718
333673
482940
156350
846874
195990
304559
293193
711649
808611
589261
292427
299124
117629
294055
615256
830508
648153
692248
345723
808755
831071
439794
723358
332476
114013
988490
702667
176356
225337
33592
462965
298064
931708
144266
93295
102348
967911
18127
209304
380439
965920
799087
279161
162299
852969
945841
90116
709498
308850
81201
995841
512983
355061
957553
392972
661623
579345
16846
527071
873280
212645
915712
564823
100909
396499
736558
489114
245014
724150
89272
817648
253449
326305
43652
89367
966332
59143
326168
841257
972840
673123
152536
845893
779442
243855
448459
103607
581855
349153
141079
412127
334003
279961
475063
387431
705405
712259
883265
559832
190207
202532
168028
34920
865767
924275
681722
400685
652425
938689
949866
464051
75098
960057
988456
452006
650375
465961
511609
544040
390322
616177
346645
812679
553033
67351
152254
90782
108353
552769
991755
824031
402725
363175
600528
552590
491663
159097
110629
838935
85316
441987
248407
194145
622234
522334
914191
283866
675720
250555
534441
231993
780320
432863
235794
137210
714470
450572
414879
806316
307255
895596
939924
840832
375944
337289
565272
998710
260596
815509
265771
176956
633069
669370
753380
95264
16899
93153
555277
428915
885910
631405
812450
18465
762840
841449
231848
657447
380372
681453
619046
911364
741491
952081
182361
906790
994689
544254
538136
768177
538098
543607
667730
800904
391407
327907
746133
204452
575296
652123
127779
132669
710414
236796
77562
598928
18714
292846
975423
715074
432676
622022
222548
195715
354400
483520
149666
84495
971572
428305
579249
982905
452996
834830
473887
490051
495459
979250
63867
516841
151589
307700
675624
28822
801457
828694
631607
560713
973660
148113
163332
240068
796792
601699
545804
812341
524656
381937
12174
867126
180746
832530
249484
935980
573046
938919
754392
318135
893695
698970
39086
666043
470831
274064
360807
128238
203247
340754
98450
176542
713143
12973
231247
454414
863846
239153
947088
236447
280302
92566
285934
777603
575493
295770
798149
320541
161760
725353
916492
842141
980356
787579
125643
695984
166903
24326
496479
595238
34427
720450
385868
86808
913681
47559
482181
341035
360742
515618
665223
698479
467020
943579
255894
61186
408015
539972
38939
963859
10503
26525
370780
803808
165516
940355
363458
469862
137296
664765
29372
123390
43628
294592
478235
273287
472495
63088
466354
887180
361516
153205
125041
447000
488222
137917
30172
700090
817510
112634
527925
545150
501928
804218
779440
632035
801799
619795
82966
578700
351591
976885
909969
971386
46230
267757
619132
917767
157376
481402
772985
650362
559092
982707
189464
434468
136670
428625
53179
972201
422668
111865
622774
691425
756725
871311
751309
238085
482314
680816
251123
190490
977568
10084
71769
183839
627802
709375
257339
898604
235548
880363
758918
320834
382967
108903
14651
205593
362847
550642
686809
137658
986515
538675
224333
99143
539851
357199
75207
970619
91503
777881
484768
898547
314279
570397
170910
94246
790939
786632
425461
990043
306180
118334
3633
665682
3801
393024
4713
691064
754047
206869
672537
207057
348073
277578
334075
842358
692021
932011
476070
325555
266954
265256
839837
210631
584991
331890
217272
97958
795020
445378
74402
958130
899247
529955
293815
903692
299111
369518
558315
401687
687671
294791
537449
713251
527232
365187
924493
670424
116172
444250
199876
790643
870038
557767
17140
954420
223729
23974
695048
857277
209470
280602
764110
167160
520774
970751
268740
107180
49841
819997
615745
508253
508856
904972
594483
496559
632147
381214
217314
571452
616595
882216
140756
111427
886502
341737
199333
981866
467895
467612
216750
132576
621826
58508
396803
893522
680518
562357
505166
461872
597784
846707
154137
742098
301021
128043
357600
934193
750423
796078
574966
163421
531703
691811
422550
526268
720190
569040
826822
302968
627131
716145
128672
447653
165464
502523
425840
874699
838312
214605
249376
847117
463139
967615
618207
942347
991917
231094
63575
323525
646326
686322
749856
712765
542716
673217
463048
53679
534846
874390
135468
985877
496624
129608
944321
495809
766152
746160
277144
565805
926419
688303
590324
592373
559298
391246
487311
300932
243421
439860
956773
226632
787785
608183
638526
809288
486317
303199
804474
664465
990665
878097
553
308891
898599
984675
214322
924128
236494
259772
851487
757713
425523
437073
766164
72965
339192
138740
848491
448544
197885
603304
355863
239198
905639
222789
481076
70540
836700
860047
52640
149781
728499
755866
565402
845167
774857
763910
431668
945557
40778
474748
856532
330426
409962
784866
961063
893308
561394
877719
738155
613389
997081
417239
614005
422155
42857
772396
175222
711798
474374
660107
906641
698300
843746
911270
677921
161946
408432
506304
894124
983357
259445
557937
469715
904778
5496
993773
688928
776126
19953
4771
758644
420338
990792
661333
41209
46007
936558
276684
661896
303220
382078
714732
114314
958944
256611
195238
214997
500763
950884
47532
475333
779836
461591
238185
338647
224803
905194
711980
773853
566129
530550
115130
160427
185177
320967
709108
286663
88984
836938
665605
64023
325230
182927
42954
107327
33089
252201
233852
935759
254378
715090
725100
667759
145366
276815
519570
955488
393723
590637
121407
708521
415677
199021
474099
454318
204811
549295
71884
726510
720220
117768
978618
632434
973946
328544
324234
604572
42124
100350
63046
327011
800752
655002
692603
176955
868352
147494
292314
217754
332722
698623
833394
219995
641234
543158
173361
932012
482765
501197
486543
108804
337547
478756
36519
302671
956348
469175
421504
410072
906080
86440
381233
35151
624562
779149
61008
351367
787623
556346
545575
559079
392053
883576
583303
908262
998707
579991
99830
968669
850035
153168
251998
397802
616219
799310
482373
406729
475922
964483
773365
830169
241118
822922
871596
720249
598324
778030
483646
878379
819336
349876
476433
661902
617620
291070
968163
881906
993948
310102
722944
852598
552153
882869
45037
823209
846211
86553
85747
867956
276530
698584
506798
35490
528772
399254
918531
710692
716176
496252
843961
321058
637425
209468
262097
471411
93701
964559
131114
296501
420910
289955
343953
559444
637570
306920
458277
306265
848187
849554
759562
843271
666086
185913
479699
488019
10996
426133
451323
951719
570650
333671
988168
505169
548432
737639
456016
108759
727772
312470
230999
505632
826890
399290
513734
546581
57950
944573
615190
805003
265569
254631
34524
895341
101762
928821
233012
208045
491970
981914
726631
985190
113830
342985
805323
599576
837151
588970
308200
471632
235383
572518
120970
130700
965851
948278
713069
53080
647618
925617
31290
486312
390249
661588
135938
720583
183350
379603
295392
476473
684296
552901
88404
602073
660072
713729
570513
479963
269897
312104
305401
375544
643698
687965
736007
634935
718253
759054
557485
291067
589950
105015
838758
500280
45807
275301
140654
825972
392587
109588
722457
697509
593952
142827
567573
617831
818438
2088
294726
449791
81653
963860
66706
544704
892682
376147
99879
750251
828687
353003
302255
40632
641720
696999
912124
390659
368986
141590
233772
268329
3305
758885
852883
668328
240338
171488
751586
888943
431682
356174
170784
8512
29335
697713
399220
56409
140587
293096
190863
698168
400140
232588
229146
703305
786199
763140
474855
880701
108067
880495
557437
809755
108240
7643
551428
578766
514804
496732
769553
690352
712211
296981
457523
860049
796311
178985
952918
263886
899412
322886
628106
648856
335745
822033
366369
279811
898895
687389
990058
540313
497007
268837
183392
78946
293679
692207
393479
623392
797536
155295
747482
329139
92821
726490
767989
916915
393571
833314
876291
107994
731695
551668
805987
429366
517887
170868
819914
729111
845347
201643
690820
251986
981038
982857
23241
952617
661330
708655
672896
817241
43568
975844
22702
981532
775294
670550
927811
517766
450634
567393
850175
314619
823299
441372
530783
506786
331263
463980
599099
491990
153067
624035
704985
177064
629544
504576
916064
102335
589792
542874
7857
206267
919453
914951
818100
183465
32542
173998
452746
567106
569888
795291
466447
607420
369175
282024
698259
434129
988282
424097
165985
127317
99480
657287
57774
23475
430644
160171
480729
283142
954367
720817
800882
775922
547637
918478
324885
704013
5158
866338
341191
369554
744703
241705
471370
672788
243850
741133
765425
945187
267732
35172
225795
171631
509430
632725
370596
627745
37992
790938
310173
30371
393110
308983
303260
696814
878856
926947
185250
360903
762429
683761
803599
896383
225314
810569
199493
96926
141914
279392
538152
190167
342087
762447
121831
986680
319230
776958
533006
749854
726913
9663
103748
634304
235967
261093
312206
448532
46169
300784
229624
139164
615570
645169
290634
220366
705013
161471
58203
42730
997176
884834
936019
503784
209502
997165
87348
483988
56092
135426
714120
150619
789943
78792
493224
459261
20107
62541
616832
299241
903263
547712
217990
332915
801918
827700
86536
249826
593450
284916
634510
261579
210349
590697
21983
978150
85670
631328
426824
408919
807893
761228
166552
609175
815838
586837
934671
758749
469047
464680
377796
90944
693855
130277
827442
957146
183222
723107
686727
580397
139967
190983
644092
92341
386250
545861
939372
105827
458033
829237
779068
249408
138452
788931
942591
171223
914072
833097
312870
15856
860384
254052
43944
364379
805323
760653
563779
817621
992499
764095
755489
193625
381269
530714
756686
708740
299749
102699
440860
554647
234043
924697
82963
24089
549131
331130
958664
563968
288569
695341
158476
304084
734830
250713
885921
343189
475151
775415
634407
384401
746514
956436
778398
322840
733334
728620
809695
186435
878369
824291
16347
753368
610901
815051
564371
191417
459891
112835
944331
387481
69021
608096
494867
236012
361789
269663
302166
671569
936686
33456
201555
617554
258704
742722
842408
109898
458814
421985
970211
686562
688882
508398
20375
714626
239351
866779
430429
207564
117244
29245
632627
62154
696992
159122
506062
301705
456517
893760
241943
308583
849902
161024
19381
594786
973366
283387
494886
459564
586128
626189
568035
25579
156939
331124
994084
64734
980289
187678
677414
687908
557624
474947
945369
750003
455386
570808
666401
355174
739158
623056
143212
969590
785434
528893
913427
255421
474849
951752
518599
276259
802671
2490
859586
892787
283753
445818
994093
349404
869154
615959
97015
626588
669464
88508
186121
952032
294860
494130
148911
894029
965815
693926
824547
995757
593509
764163
498988
147469
620651
431102
417938
195010
54431
278564
803259
95582
665086
175814
355973
481120
443403
31202
666373
96854
295811
938242
634355
11757
679896
647299
74109
623415
103009
103861
483273
175882
194094
626090
838014
719801
902838
213399
443987
220164
209377
878053
595335
463814
476630
491718
881978
9444
402721
640070
541864
502314
859199
16829
225924
595783
107982
673478
970449
808590
516531
254391
520589
791216
634465
594124
885721
493928
56567
202174
416607
392297
79890
917973
945829
643777
60520
146289
144550
288363
885705
729696
293881
341990
2180
779245
780592
554004
43000
646086
15712
790074
273486
486116
817876
386469
232865
360126
442309
776734
781218
887720
544739
494333
802212
290018
233516
176126
622029
677801
723508
765122
854095
837184
181413
983613
959532
168577
735261
354375
52512
990863
384418
573788
78927
242658
600624
125064
924469
608948
98301
103162
984445
620866
937821
76814
481576
655742
871989
75129
39417
65592
655485
610233
794384
948404
70686
116845
779167
132729
944322
827383
41715
563273
437184
548761
896330
63422
32600
423608
533812
118319
154565
211242
13385
691707
862178
893556
696499
175295
893984
623835
82241
203535
148713
431215
75122
368759
270031
838987
155893
88060
840035
144177
20519
924430
334830
117595
174617
447859
818771
811946
317074
521524
438807
614842
487008
207395
794657
55838
385217
112229
479153
417483
874648
718509
40402
728208
881580
949573
951137
110863
555444
98888
773225
510309
231494
619695
636443
412016
157811
694879
652206
433647
147188
651243
881139
975327
87488
868866
686000
979215
362898
98804
223964
294328
153761
729448
445222
593480
74436
222704
704460
618321
737297
210292
663455
85433
422297
430653
336277
995832
326933
457421
466008
156584
912835
50970
122661
248008
700885
643974
617778
403986
287599
234286
596240
159574
633384
59349
992438
192718
287464
231794
294278
782418
295222
709428
30067
561995
573999
749929
91667
130301
859805
445097
361206
133210
258972
816705
219675
973485
610405
895890
683432
732605
581848
772566
910037
115897
926243
745190
670377
414749
607822
459972
119535
655650
606634
766350
956346
434397
763996
728951
878106
988454
422533
744266
106775
250589
907902
140952
378756
301427
17417
397961
452307
363737
241251
796144
806224
868303
266605
135229
970748
447901
192355
142411
630255
986903
951281
676275
726323
166477
109119
59718
964190
701283
955817
511057
200350
224135
135487
858614
118324
752697
106170
256999
580216
8727
508808
364424
186502
236802
605535
159092
65947
895206
272054
40485
421445
925560
562422
123145
882448
467343
366790
230782
858276
894934
945769
253402
575390
810901
390744
466525
13894
961381
422595
457325
769184
456973
70925
178817
592941
170381
220527
310816
929514
994152
656035
266472
442963
467565
439497
195849
62452
747820
728696
255534
27602
330707
567254
452356
965166
107594
803834
369517
749374
29544
683674
172455
208908
709587
305118
30239
72473
354189
498035
133309
36247
981162
655365
233050
223167
775978
596946
493195
886140
149436
361480
358862
198951
329791
563807
361048
903501
559316
857581
212402
911052
442336
949171
314141
609117
238640
720192
151496
17480
324078
277595
534023
933570
441262
294185
707666
948186
743704
556192
295717
574046
27523
525326
864714
655313
384814
957811
594250
109176
742366
879291
211963
936003
993381
24317
654420
533443
890145
846908
635338
326472
504652
934035
859986
203166
435396
65551
410900
489615
693798
491831
775265
999572
618091
1877
946870
769365
996720
857534
643297
650069
634850
660881
547523
914443
87730
465340
561183
667736
162108
290496
587917
964125
759061
115544
471338
447334
87303
72881
231746
715025
381319
393236
444502
409892
311107
508587
493907
740854
270136
649511
267007
784425
92408
505554
184151
129954
47886
985953
316045
658859
427007
410213
203500
430759
160146
641843
470146
498513
60242
896841
678800
344751
839841
116435
62587
267686
422661
256325
946432
513190
657225
895918
191103
860828
694100
960728
535827
396349
629159
750515
371727
64095
148041
408901
34003
275572
953002
677544
743566
966311
118254
942148
881709
806007
761112
282448
113987
574713
995463
185304
984298
274482
358733
417213
311174
403281
583501
34321
915787
48477
641899
284526
220402
486650
841505
168356
480911
787061
482748
914341
658346
972102
842579
552552
819629
354467
200128
220578
912592
317322
976947
995550
84683
184166
44848
883839
251927
87860
523205
257286
366379
271864
673146
284257
663394
851377
422722
540240
332648
877632
739076
351086
980641
481750
804315
768246
136210
468271
548477
701072
573981
745540
691329
933350
166811
44093
965464
706549
391994
165606
494840
547920
67205
878000
171527
612614
741264
433215
408323
321957
860313
688810
742984
51960
843344
698708
33167
867811
37452
386833
872705
901844
823352
805177
914353
910436
425491
408659
368470
143279
239500
390598
45451
264625
23441
535744
523576
596345
355538
63562
280018
438356
784758
498415
800482
548719
567033
17508
805971
791202
785501
298290
405115
578477
329547
910258
849257
83764
553383
234532
486200
234988
166893
827822
700106
65226
743285
599723
33497
792027
1764
577754
636487
207210
236224
666591
931486
78695
235339
599761
563493
135936
395854
845033
90795
986470
738213
385165
256892
851103
436823
885529
61299
500181
448535
957570
612736
504136
471280
686936
87348
737293
386049
530497
993458
144306
821987
484957
231010
753479
61418
745867
312746
403248
381172
691085
202466
4323
582072
501828
513871
160666
410435
553315
295325
872293
586170
604463
371489
81865
328338
574533
195480
441881
388689
874066
1096
130827
344839
932907
68273
148470
958431
916891
351021
971537
727963
982351
766289
936389
540275
891745
769567
512455
122023
341849
985475
967501
58473
572651
390923
21105
368451
830340
314673
903875
830701
478106
351108
633728
579390
182954
440628
346350
69431
430175
405225
73687
265437
299659
250986
171094
227547
520932
932030
458196
501207
735342
567298
926442
205361
735537
967085
983193
749193
539041
504331
959742
114372
769540
304046
565762
862838
667147
356953
365115
818449
127193
315662
369313
782142
481007
822996
85015
153103
684619
536444
937104
414096
799945
523788
990952
562321
41251
33172
496433
812736
811062
525451
875513
752781
21283
675961
921123
912398
727193
715420
947499
24520
253735
189898
899241
167356
299223
332391
892473
282516
706670
81765
709975
912902
664665
49808
809954
531639
209686
953911
217303
201343
978441
239721
731966
380882
537209
100201
435555
429305
785549
513618
578466
378198
384806
171276
607001
914495
721147
194454
65343
341294
968268
734224
300789
109374
467712
999766
226444
774902
755931
797954
976694
353761
348831
102167
287234
569901
909665
494659
402120
315166
76128
951840
849152
906471
767760
273077
245583
986205
801056
949314
729399
841718
329055
568116
448876
585194
586643
398859
767027
105581
506638
601265
762944
340945
397383
815328
882378
268341
447143
934350
452222
555885
966140
200631
819454
53974
359112
227229
330573
446233
79474
179545
582468
678792
54930
336089
929030
772360
775543
559032
608183
17595
517547
678678
785824
192904
305393
749360
27408
690019
433835
621523
390714
991770
514347
404510
68004
132073
665604
92745
365964
198504
607683
349603
430088
719270
208602
605803
346813
500068
328394
109182
20825
930690
62222
496762
218925
293463
244962
281996
863983
670306
697717
947092
455191
160687
247551
812257
567373
509299
96020
827669
289065
69102
470375
839492
651412
772350
806653
312465
784950
845322
731988
141164
217237
880247
401297
195922
473331
397144
106718
814097
164335
331416
304894
117199
636209
253943
917462
784039
832028
461054
255476
764351
40098
213640
234944
854013
636359
169433
221075
819220
197403
240910
808564
699281
564097
693786
46117
327625
850525
92880
607485
647729
885522
42928
225535
921512
432198
993133
62135
231205
612697
46250
554646
20450
357343
283561
518303
421057
604187
558158
965997
921138
345930
922129
564561
623848
753396
746797
175286
269387
345123
477069
431667
114486
790184
632217
922203
57850
167776
238068
453828
672995
141450
763415
633999
947197
244160
280608
740949
832867
249992
532767
795355
417772
689162
264479
823376
942579
526116
853660
940009
805253
202541
875425
464612
620021
445344
817664
515750
470700
209838
8650
367603
745571
56647
477750
101830
402184
734779
602010
407561
53283
808959
486189
362669
20690
994767
53129
741547
239248
836247
136982
102392
399449
286906
999907
845389
2302
843535
611774
407468
402522
82914
277454
643054
341344
859839
736455
8001
534468
270860
745305
258616
366269
962729
27356
122852
620563
865414
57267
503069
607410
212396
479576
436978
135596
312121
196448
893921
461064
574016
155635
403023
945186
901936
600864
230198
308459
644379
601238
315642
507310
10775
514148
84138
660758
840225
271018
355130
412538
953387
596733
309594
684883
457301
975526
338258
323646
563201
893680
727804
149546
404159
781928
16292
478880
507147
971617
892324
673059
905695
588832
34679
186860
693891
90982
582504
352091
992391
634886
828949
269918
799785
780672
388340
802108
865778
110751
969207
719943
859489
380752
757721
629810
418302
926533
784534
918408
771619
31910
992985
127922
499000
276561
897591
51515
449698
434187
245966
745035
897765
984434
933501
121811
933550
276341
906201
710291
156582
113189
886919
393878
474553
68815
727629
430803
922564
479286
93647
231308
466741
148935
766777
409234
757630
673436
878699
904682
833637
747648
655639
781012
814744
394064
275778
71773
807098
154919
943032
636172
835044
457609
203774
892843
519105
398005
543692
254267
424892
449197
827657
686398
923536
991212
589152
229398
325006
323965
679894
712314
697469
726998
383182
574005
84901
908040
896440
630634
673712
499940
449259
417975
42679
833163
220913
992951
439264
666717
89966
663776
592724
114883
64170
166204
553637
105419
797995
955650
209516
809510
80615
754451
330308
236840
158466
124448
880545
647918
659254
394845
820478
412277
768270
921930
925417
427564
621677
57189
898730
320541
706941
907399
246294
931387
437327
145866
683228
252013
262308
792502
485209
844411
702120
79618
51059
417719
920919
240223
320969
125722
657404
46612
79785
903148
387730
70334
398895
852270
154630
837041
23626
836463
457620
21602
131289
869168
411634
567319
177154
585123
849082
482908
249020
977198
527315
1987
115976
875468
755742
707829
858338
808751
925692
608067
888401
403152
361722
297280
332414
919760
265170
105454
403641
480740
102644
137329
978282
494759
788892
226034
377846
842636
260296
932583
828115
521508
231704
413916
523354
789516
34916
788642
47278
383774
730282
197480
99445
56733
393154
953349
151007
600545
44109
247316
258965
829752
483613
730976
564494
996798
656359
809581
303787
921148
60536
54771
495302
26882
534532
752134
556342
361758
162121
933880
576609
501513
922577
624121
346843
305920
327641
354098
23514
114926
737142
413464
914422
111592
905823
327654
343123
332705
985191
23078
738028
3147
558146
751815
976991
899767
692726
45340
782409
101429
811875
696045
588119
600471
337370
9220
60549
70120
405249
970492
697538
247458
410319
850964
189679
626014
392895
90006
60324
405059
978542
152748
583943
478511
447402
846792
726729
655332
411844
509585
590275
70063
866997
731507
318607
163657
573415
352928
516186
759102
701709
105379
669094
199681
606125
576468
373314
99946
538511
322479
615362
611833
451805
908301
125916
537803
842502
467087
593147
702377
118184
512557
24078
555662
446913
712100
33254
202046
154811
441236
326070
499394
615690
513549
582119
772822
555840
226968
69797
21639
768612
317847
254076
526097
768075
601775
18419
381175
967374
321352
242142
358570
577624
79661
902284
712988
394742
882473
401000
208529
948924
219049
891685
82193
894986
414522
110582
29098
309446
310573
198408
146661
439536
498042
797069
689639
986061
438040
954292
339960
448514
671777
711583
83813
680497
267055
225214
190788
276674
297795
998335
385798
761221
370990
762173
570505
299146
663457
479862
294232
339578
196238
379772
371098
622105
852332
572940
874502
33662
425829
143368
418904
579264
219083
999644
823621
851205
354496
362983
937723
837456
25687
480927
874192
153286
431664
403767
621514
963118
355709
160893
397606
757344
749987
481098
852077
863894
545908
166901
778566
356229
934150
592014
6709
509246
500793
342778
367384
686051
835557
230685
163516
796420
739690
761545
5753
639526
694087
845086
275280
848820
352506
275700
581196
544924
713500
382015
199894
517164
102605
201813
520359
136152
143375
285593
842716
691862
697273
807154
851989
666918
221729
484900
554336
987236
586543
966170
781596
405037
853384
803003
393420
381792
326622
35231
240420
895345
9991
763697
427304
638037
335634
375054
792129
75005
483758
290027
67470
535913
41208
499122
767439
872558
675170
102458
52949
99247
339815
981742
298755
660746
799557
964406
738689
659868
479973
597104
575741
898363
716025
993041
972741
444867
827164
535568
18811
685659
743523
125415
475890
302253
127528
26012
907890
511801
563457
480837
552107
761943
291602
43480
978140
383730
588713
861181
146877
981074
878295
175343
559746
779761
501543
224145
258599
20139
447216
811809
864274
524813
848299
572077
763533
15609
723727
618673
8810
359911
443022
107923
17975
59265
904896
851581
118625
950701
741877
78128
210918
76423
869722
713829
471028
754538
529780
189720
857896
122795
599676
237365
580303
789946
48206
324027
179716
224566
612982
959395
664544
877249
396359
111228
8507
264632
616312
122093
662476
386052
40142
713041
429828
995684
130512
614214
337226
217802
116900
635291
482811
245190
784469
19075
994535
932140
305366
131125
613373
567266
872364
184499
900335
499700
387306
171289
967734
171850
532627
121944
583003
902559
628117
387635
74373
248530
535212
109152
221831
588213
681902
125005
45532
591480
950101
967839
739463
791863
793699
276549
949267
107155
46064
370884
596466
786008
605843
220751
614676
307398
629413
293810
307536
78609
276760
712372
625119
954405
36364
269576
255679
498043
645564
718634
791556
231273
293566
783610
673051
714383
503629
262729
434206
957480
630412
885415
536870
913752
567160
260503
895073
489567
577480
474788
882128
121911
127153
292627
655416
34368
171163
327759
54497
772193
392100
804125
483291
207445
719165
886263
1473
439325
197142
277184
824591
572074
329616
157388
829889
387613
262478
184465
666088
482970
277335
913990
35458
569584
477381
333651
485325
839543
94023
459513
365534
49404
594839
466412
511196
507867
814944
566349
616070
391086
312183
348584
340870
960801
959718
826659
499583
784929
720626
706972
773174
923211
922170
410606
854893
73165
87012
612190
713470
216094
945159
771085
201851
527474
293793
736441
574196
891321
929696
236701
146045
109051
780476
300264
591334
966538
587910
486346
165654
283912
93303
757172
304501
481595
972244
357913
450786
779187
261087
597928
99369
415658
273865
174623
708703
599814
445445
760703
921824
17645
990992
820296
227506
514991
13022
338573
750599
871664
501748
396993
956954
223866
422035
636004
246081
627577
582702
269963
708735
745050
322327
755530
669599
374918
787766
276311
681810
495124
512701
482094
282670
906867
672895
782694
204226
568983
295415
660239
504784
532946
581416
539455
301027
587311
296558
121942
495463
27251
36439
805558
504962
462648
615102
488642
863842
297320
529504
602686
960661
540804
405537
170785
220253
626632
73648
274801
83156
942036
247026
956856
96649
965619
806699
711490
166250
796083
401293
650792
538174
426167
590571
672554
849602
196788
463146
996103
330201
276974
967992
447752
542502
13997
645430
128895
258046
381212
865403
370717
409765
137482
582863
712910
11403
484775
430096
430273
211848
571636
680348
93544
857800
373979
955614
933028
87214
687255
683122
329317
696178
908335
378254
669583
211690
139718
482083
342985
259002
959261
427056
959021
602347
906373
790037
966978
711342
444236
615302
534185
366506
206495
705200
318777
732290
541181
426143
824183
491656
497833
370142
645503
861148
844028
768422
508590
751156
865757
971825
189114
986124
96641
32741
26267
599561
766681
805206
321282
64110
513198
531438
766237
569824
961870
993678
164602
187022
861374
478841
288749
443691
289801
18947
80406
458091
668737
746331
971788
522870
979323
195063
897802
298198
93980
136401
173606
683844
96960
614245
209126
196394
976972
40222
315584
744953
367944
210735
853130
782498
405123
136541
590947
144940
848185
969278
206565
340327
647521
262318
182147
856120
277915
269338
949157
859881
972431
957220
35491
649170
566056
239639
755029
341417
493146
942064
673603
834082
179926
943066
168650
199689
219898
312548
219462
657143
653694
279058
934139
939139
988470
213123
232218
720702
713218
824034
940871
95029
993214
543218
873614
508504
42085
32363
61168
295331
942624
756915
442868
246286
42515
632167
917313
862821
929175
161858
188452
504958
49508
39738
349898
634
605490
473880
325730
668490
843874
396142
92303
202302
351429
360703
653278
866808
526354
54769
634670
758855
760819
750633
4446
343837
648024
963450
528675
533097
721268
287210
180367
624690
402574
477334
378978
394338
639185
949524
733582
197908
39237
310321
110232
403352
127709
380808
409488
87347
959415
322075
422429
72320
576286
557565
877203
517567
118848
491565
765497
269887
492632
915099
586889
433195
899940
344931
77121
243403
170411
4022
865553
42604
856730
895624
580278
678671
939979
672033
215006
924413
149414
349412
487613
823123
778825
743668
628379
471767
588634
759641
521577
956298
7831
138865
110006
575781
427807
331182
925236
728648
569925
555055
873926
615225
458215
104062
611240
354072
54975
743604
351886
313349
802296
302701
454952
53530
82286
811063
32393
141658
261594
149918
613801
350839
379304
489596
205451
109055
660206
382033
112791
872021
556345
575894
140413
954632
236755
540309
393197
120474
264846
257016
833914
6247
58067
59302
89652
355334
836113
893119
263868
484956
241
296935
235763
428127
187872
821825
228006
455557
583498
795336
402786
326863
221054
672459
982037
780513
264599
597168
599601
291799
562805
582195
346716
535882
855199
664079
823449
148847
609225
195352
523225
783474
829401
25088
524342
551763
614085
511244
555081
942476
394426
146178
412229
757227
438104
769557
28604
822303
483057
677902
634084
501247
257924
126793
317553
240781
586956
162566
477409
771194
211872
206493
716159
570417
722786
806696
230525
744075
240839
234720
293114
644762
962862
411928
295096
413554
732728
785335
363872
145532
999878
305429
577577
213077
916172
270054
612724
291944
833938
258649
68628
813363
800203
554483
917070
837209
995228
316153
304441
479615
623455
16914
860102
324450
350737
559345
523422
148222
678337
131352
993248
512
192020
552912
100900
585920
963568
797633
672521
198655
44715
248042
416713
426976
713672
340200
42238
145765
527821
725644
586220
690945
422667
285029
404153
330610
774180
549069
662037
540794
858693
187885
921062
213595
319085
197868
943452
770625
112972
27616
795342
324064
244562
507314
469824
263564
313608
163320
699353
51886
619587
207581
708191
105701
6750
860256
902490
723516
844605
140406
153346
350357
960821
734423
736034
908305
783973
292700
155574
888335
555905
902620
174873
284779
461861
775281
131120
760600
446487
875328
124389
32960
108540
210316
52395
92363
273887
367845
178509
988349
379711
674053
552429
11802
477286
213301
782376
590392
811495
283795
616845
93902
373228
352926
657464
738762
56121
31983
265011
621135
801041
952990
97209
431171
752231
146689
719249
932216
461251
970223
533283
871356
410465
357857
30798
977492
864184
309723
366532
190125
499702
490003
283539
479635
399138
687273
618010
112865
8114
302856
394185
972282
63169
221347
869416
166189
642539
335617
209266
827668
93681
408104
730979
770752
292060
465318
909924
740544
952986
636368
989275
101342
541406
469359
292265
197201
446599
716496
557791
436827
860725
291641
856348
496118
960930
590670
189967
204492
882129
811243
552598
941255
468593
323036
293354
567927
182613
194858
624744
826514
859353
959713
402044
963311
715842
484168
335499
123532
862889
547230
190
675034
59173
232180
147711
940551
507527
348865
852166
941463
485095
234411
375335
364653
635869
781560
8947
654570
836826
415939
465252
844986
553822
928756
577803
631855
806889
321992
498229
620898
252728
417750
172130
543161
359981
125527
484734
468500
576104
289233
795512
858605
582447
697830
441946
651004
672822
365200
3450
346044
449584
231816
814091
719524
997159
890310
968204
236989
701994
700878
266279
518953
96030
497360
207277
926711
537595
269049
195061
637379
453636
487772
219533
858452
276956
518821
486070
800304
235821
350557
869027
854393
302882
291865
983470
207912
281676
959631
274946
67217
145036
291609
193512
443298
928621
678482
887246
202342
950737
650271
361754
117779
106223
195720
652404
396707
171150
837434
498942
246760
559214
632348
863524
90025
588133
580955
292657
276888
849083
339409
382806
579448
965749
922399
556525
959483
55836
886732
397892
111503
725165
586190
605538
767953
408581
776575
953358
967934
999319
967778
774044
266491
301910
746956
685551
597180
984489
638524
693324
766644
984465
908930
196312
691825
577285
306525
175171
641682
861239
735492
768819
63255
339960
728396
98308
57169
805234
496091
895453
165945
601176
443435
267613
153984
840913
53125
806082
428888
239517
607379
691362
289886
840943
873533
47238
551737
308736
885108
575834
638114
612261
988383
56518
697777
743005
890792
451123
937066
875015
768165
830979
71319
794624
908327
671035
85238
785652
736901
37181
453137
834914
460874
845683
546034
701150
786683
158242
376225
126881
115308
61694
513881
638899
45965
267295
873245
144664
270451
864485
305174
484388
222276
783479
839743
364714
971910
502678
125019
608613
444272
562225
834035
995926
180788
553746
514222
380923
269878
307436
864132
411728
775623
288801
977916
521053
489064
379093
485198
551201
256006
759033
56020
500190
867808
398014
162426
644221
300987
125393
707114
210134
357837
165001
166053
971532
741316
823419
524948
552824
615433
813218
19002
609035
645347
232094
100920
41683
843288
826905
383276
310169
211609
64379
294846
964036
350223
763876
260659
795159
672036
86212
62965
302856
911061
378738
755794
143114
428625
917710
103285
381195
774319
882496
848486
323487
371796
556741
318516
163890
555900
111324
136286
966079
818427
629090
611638
643175
645048
917552
176112
537544
344295
20389
914991
315758
358742
271795
763545
669489
155430
196385
206190
497261
791571
379707
599302
751948
379029
19033
808301
653541
916727
700664
501683
17686
336905
504773
594120
809860
221336
365013
393692
80595
909473
658276
488572
77267
874246
668261
35657
709735
839489
285396
374788
607412
728674
823098
199935
2525
32650
312699
204319
72322
650213
308131
904925
610478
851960
90677
47328
253011
500489
769120
693240
677105
238329
282821
258652
792421
355396
395483
507971
627161
182695
50491
197841
233437
166424
131358
481880
185621
409865
997053
842548
544631
977466
490693
412083
298107
585648
350210
420503
388020
633558
775046
734430
431240
861945
609992
791367
511657
513334
312127
512771
127227
331696
438963
515207
623697
356904
57332
214471
48843
159620
965
336192
896187
711339
628441
736819
855891
997473
687164
228409
436276
117780
487649
869319
855388
238930
62780
525843
919364
443300
492424
539670
433569
264515
259174
837562
479294
280663
205122
207241
523167
761943
916124
618773
686000
423247
333347
365907
662719
101959
313259
820994
858309
41283
139894
457140
297839
880342
183445
177397
418229
170251
971716
952085
626950
549183
480002
564335
564436
62137
930826
595093
178303
749003
909784
840416
397672
674104
370042
258653
92021
296303
559183
933072
757791
742474
85255
294530
53542
909129
388770
816395
761699
9880
219592
979554
895783
913561
697270
710360
905760
387674
957927
822133
577663
66137
897732
553211
904913
884047
706615
657407
73964
290201
246396
929756
21380
776129
631371
328162
640558
911679
254294
627393
722021
155383
297824
596804
17848
231253
846770
403510
95190
108674
676277
866486
561762
109270
671697
577555
156049
648116
184004
854521
676468
691154
577282
460768
477128
163064
107527
835401
878058
483095
401261
952159
362011
660146
258539
102471
560232
789590
543034
900791
604751
865996
378689
357876
334347
663637
368931
678454
704954
480807
188435
444146
279359
507805
844485
523016
710705
472337
899243
301224
939731
491635
106246
729796
852823
113451
73150
535094
158325
369014
565382
150029
467
141367
717984
935082
860908
428666
349944
154925
518897
593418
185992
259213
138473
634334
69435
501723
566934
778268
227992
877816
504068
458074
249016
138643
566665
567808
708458
706567
852884
813740
190854
420739
444749
966231
388499
973773
655733
311735
45460
113413
910342
94275
158378
159356
63965
313186
504954
717718
566805
152973
611111
472924
654499
89287
777776
565384
110863
996350
386059
775624
233857
896430
275686
351986
892756
726884
530490
471011
887996
505366
878626
144785
689150
159928
996084
644552
880171
543084
927407
476705
180448
510131
413831
90860
333664
782051
74468
953197
114496
684929
186815
255898
372069
699962
116510
804807
240889
350191
589498
65332
429298
419608
975273
272681
582129
910643
358570
477945
469299
847133
627238
935072
290015
653230
874827
931267
523967
654067
993121
296573
164185
181598
117723
6641
192510
380285
583715
315628
509994
551958
289615
565856
683264
182976
817372
234504
628922
547118
573367
159460
235125
343079
789183
733454
61808
310383
334496
106992
43153
760056
214574
335214
284116
555929
44755
929385
718736
66661
303439
759715
906229
673098
982598
27163
760976
236583
473679
824956
129853
28906
376045
557215
547300
307032
977923
480192
321976
158727
659787
745864
231454
525896
848089
210333
47225
951908
830073
503805
790414
269654
752431
613863
476378
349301
159582
362627
111830
609353
913351
846705
716155
923781
969582
728915
287368
207092
652837
912395
730252
98122
525706
121566
950271
855735
911982
646869
509889
858609
342188
387134
802444
4105
145804
661280
474868
859747
812994
990329
210802
48295
53662
776137
663585
10379
372198
263601
81677
472279
544792
442057
261723
229613
194246
414679
667895
443611
448640
464402
677634
336515
392840
89607
724867
566352
212275
894958
473264
821179
449425
737767
874492
788419
78927
153994
808520
583468
438147
552784
191501
414373
358376
326708