40955
56572
65622
161081
160465
173387
71733
63887
125014
163954
130041
195328
179952
37218
161105
174283
152918
39575
58079
27320
80257
75828
161085
111663
88506
193646
78343
96527
31473
116595
141713
56075
21707
180450
115029
122006
45825
92933
114417
93249
148942
14406
38316
69684
150697
85974
31294
119114
3228
141821
119696
153332
66836
47949
133359
165886
5191
167384
164097
180696
194460
157349
28281
155940
126271
44276
60050
154071
123597
6521
194670
86928
81486
850
163055
25814
86164
151468
133659
7766
31456
57430
134728
123688
78282
66991
30068
197716
102231
34717
174627
8539
29053
73782
197988
55552
86058
139051
96537
63798
170851
4087
197147
168945
21114
154959
67132
4739
53568
64036
61114
187161
108231
66898
130292
105783
92583
78230
94463
120214
17823
135253
87792
160358
129879
160398
46321
171632
166754
85525
58844
195450
161293
128811
8591
16691
119340
133725
152166
61038
11508
130903
104185
165592
146041
183160
87359
15539
163012
178244
134715
163154
69697
68995
178565
124094
23389
113217
162179
78932
196326
132826
175565
70880
137617
30776
60958
45881
139490
5743
180725
196969
67654
83000
39798
13673
157112
40962
148371
14514
102777
144417
181852
138552
149364
199407
4927
30746
178890
32006
75382
23063
98582
174571
157111
121669
114197
69274
92894
136505
106573
110953
113577
55606
52248
10078
79848
114554
88869
146790
7990
37616
110286
174407
18317
164820
118348
120742
71332
42601
73131
116425
88573
129099
160078
48603
116264
48772
162971
25889
29894
97756
90655
100930
151449
87666
92332
142961
191058
182208
11477
177001
139414
163357
47729
84426
140989
183636
130377
12871
137757
113238
132310
41815
149703
81573
24064
43296
127582
89940
73877
188308
165980
114307
26272
77809
58875
56841
105408
1395
10608
195904
102925
128595
53627
7412
166590
104556
41359
126099
172692
60075
179861
171419
95947
143430
56495
124367
32031
135322
16758
48760
14195
78842
163607
143112
4852
165463
92831
167337
19929
147910
66367
29659
157842
162811
13898
40751
39616
16345
30380
179848
103518
70967
27290
103436
145162
52273
65660
146695
153986
156072
45662
5228
79275
119736
78099
44844
158149
184708
69437
26334
167529
99692
162606
16390
80479
82093
184848
100524
192167
157709
97572
179246
17560
24269
43088
15932
40487
177858
171989
42258
22656
149728
166435
178109
191907
47479
56527
68474
14335
13905
12751
120669
5799
4342
181309
22393
80146
141063
165091
39770
62079
178857
192557
35031
102444
188783
194615
11636
141996
150956
128086
197458
70770
104991
21261
110278
123212
24255
130164
146582
178112
176079
17651
135507
101653
169717
169577
28835
129956
144733
194785
188526
39481
198751
95085
139347
115966
102897
108823
5072
193592
92404
157630
34050
181436
70589
176354
65495
134784
31282
48130
63550
52934
58491
95142
34989
60748
70862
102569
27611
106770
125013
82070
2396
111993
37942
168716
129907
5260
26323
120378
91268
75882
129724
82978
61880
29330
153721
84672
70532
104004
41875
48565
102623
193417
126778
10231
70554
138885
122096
155217
61990
48129
108316
169789
159726
173552
82655
119547
73047
43408
69762
119350
56965
111854
2484
143701
28810
55109
110565
17438
109138
47903
198532
143524
82190
39906
156099
43412
47327
195354
167699
160466
26687
59846
40968
123678
28504
12900
154114
117893
148971
181184
181861
81305
111880
27019
190723
138474
147981
49211
181628
115687
89797
142674
71238
152726
75410
191721
96512
79789
78585
173167
135725
149732
47804
172666
165168
47298
155110
127805
3756
168910
151366
51096
146692
121951
98228
36571
80355
101059
103190
99955
159595
82524
65049
37529
16344
110620
187671
34015
183933
30319
173893
13391
31066
132084
125090
97760
96765
55895
185981
98425
117144
33113
177877
154642
40962
65919
180199
199442
195357
92781
108208
199472
95322
111482
108255
166818
194207
85435
24244
193070
84792
78703
151131
40475
153467
80483
119580
42556
136955
26409
148937
137912
18393
26872
147952
42598
38510
64176
115208
80316
20091
15452
48793
180752
168409
160939
169610
12120
102986
114361
144226
147218
105862
129573
43346
54783
150934
116237
33205
15377
63356
36734
157320
36650
138286
90031
42617
85476
104295
141588
109249
32188
50773
149799
5649
171884
33573
122546
185403
14784
149554
180750
182179
156672
143254
91903
91024
171959
7216
197512
64709
162241
15255
24143
175609
129789
170850
159009
141705
157586
180002
90148
23451
62670
82919
36042
141175
116024
162398
152524
40156
163924
74717
169094
134648
118013
7280
42357
12975
143055
160538
111614
113741
182894
57098
41722
131562
29433
57240
98421
26545
27736
82020
93166
101114
1899
128825
196313
4177
166155
164256
15444
140057
38173
159801
108198
139128
565
139751
188035
122159
4935
83963
177926
67009
103454
120216
81963
120208
76929
91094
99904
103928
60876
64416
104132
124471
90774
81057
167771
100870
58821
159920
52672
11096
40297
191883
27486
176856
187166
121287
177127
161776
189848
17582
61636
164045
65667
181249
44903
14890
39605
2174
184267
159959
121879
94898
42867
24417
72444
73272
139034
39058
2304
787
9983
186245
186381
175896
192366
97910
105675
99069
88885
160460
8820
91048
131203
28580
144274
94120
127697
146731
183448
138963
38409
104482
159007
17895
158114
165837
82791
89259
114172
101268
109562
31233
89799
197555
2925
170804
119249
57365
105086
39853
187621
125618
100713
134484
13603
110010
142884
95844
102109
175939
193655
125356
192180
156593
140114
78805
65740
158495
125591
48804
176278
30723
144441
156617
96878
176070
132869
130389
46090
160366
14378
28016
197626
58348
21300
132420
174279
18786
125375
61411
80223
157566
51570
131728
20975
29110
63581
188136
54061
30218
170311
12433
60641
171574
59940
9405
75202
24107
10461
135482
35434
34806
79994
148850
37495
179359
188941
26159
51914
174280
113514
87168
91333
187754
13660
154739
27332
182075
174299
172072
79299
106012
18972
88771
192355
137264
167882
149388
182366
391
188344
160500
62457
111351
120896
41480
194433
137657
18466
65392
46434
108807
16623
114961
164478
124630
136808
48736
145241
90161
174345
30929
76983
118919
16450
171731
5095
42818
174655
47833
124934
4305
136850
87941
186380
131245
30116
23346
125338
80445
153333
68336
35612
72703
149498
88633
10409
37876
43898
168479
150486
21032
53907
113979
150901
183002
91655
128216
7705
75635
75904
110024
125189
151296
12934
192462
90827
82460
194604
18367
169105
155190
120925
33424
84264
116956
40028
118247
156843
177220
91683
119983
71489
18478
54152
52092
75111
10667
193077
80193
69150
111254
152560
95640
86658
185268
140632
159933
102484
135856
102426
22911
179617
97767
2358
59021
91224
128702
5913
125694
109906
186460
84395
199957
129464
7811
15868
194514
23983
96866
116525
144720
9943
95341
137495
62976
45370
94536
78707
156585
87611
151340
151588
96989
44182
70353
6770
90784
164014
91108
197734
63011
116070
39783
148413
40885
29871
16513
80794
6635
25811
22911
9233
193656
4310
169158
53113
118307
67734
184000
171410
82124
193172
165902
120793
189589
4998
44641
192995
13328
67756
15944
165120
164366
127050
52041
197280
23927
186452
59593
80853
130251
118503
69916
75098
98853
162257
63178
103262
118040
188382
81751
144922
43931
91255
21006
174873
155798
177617
198040
31751
199024
195847
173658
107141
127408
2931
17199
143879
171869
92093
148546
165230
131404
193877
131586
181168
7310
84293
107355
66765
31485
93164
20217
139637
169459
151451
30097
59017
106628
13125
180833
15244
165396
18877
174915
83402
172695
71425
111747
35347
71297
107103
172585
193040
116919
177857
27278
131307
145021
148248
122941
41134
52828
51622
94916
185644
132538
19023
132964
83743
103797
58183
38125
140458
185828
112956
42854
196684
82154
96968
145213
162150
84146
81648
84504
83327
193117
120070
6691
145646
72876
173896
90317
20881
174951
80982
188942
108935
185750
22253
83541
163569
16829
141113
62328
175502
134599
13022
50999
57316
183227
16660
145043
199756
52819
31620
180560
3707
72789
40227
9708
54655
35147
53481
129283
104675
191666
68086
134651
151276
122907
150475
19079
55927
112650
83779
129191
19006
199314
176034
83927
84384
79741
89426
120317
159907
63837
78819
117448
82914
58672
167908
40689
110357
199906
38107
151471
84784
79180
91065
165732
70935
98701
97667
189266
150793
106783
189208
166524
127706
65370
133421
56707
54537
21626
90807
171245
189771
89559
197733
180143
647
157418
28482
195406
195590
175672
114224
124051
135577
166589
46465
51641
68750
6484
158135
100104
177200
73924
77420
143877
84214
155429
85658
24080
141530
32165
71222
33089
157132
165673
182954
112885
100574
72583
71751
122316
123027
69490
99372
141836
161763
175954
49163
147086
158892
192993
33345
58944
173051
88795
58803
3527
183215
138056
56972
119049
6252
37159
192878
23834
132510
62518
2941
161638
184433
48237
116808
175755
29671
151771
86768
173207
159197
186909
113360
46525
42848
37471
174739
152585
19671
194654
91790
176576
168318
183759
126494
11595
5404
60852
140118
175063
69087
92227
170868
134900
178712
180231
165446
141422
180322
146111
106705
2253
137955
79561
168789
79378
193015
500
133277
51569
166039
64933
176543
194106
149297
156868
184770
67124
197845
11808
156890
180994
135581
67542
12419
27491
126876
96749
194320
72362
195189
95465
122347
63823
20041
40196
154281
157387
79347
93380
122284
42538
38530
5662
192501
150649
8954
120569
19063
149021
35802
83316
75254
128913
57624
16773
77054
104627
74748
56033
7969
45653
103313
84840
145436
78029
32949
60381
146433
68810
79510
122261
179996
103963
69575
16193
123718
159499
132882
186671
194196
120847
4784
93557
155715
161758
19458
31230
96129
101762
22817
85814
72277
116717
71386
75149
18107
176633
129393
18543
74729
114185
130877
66955
115091
5472
87140
123971
18460
116286
82594
116889
70375
175463
49676
132211
50838
22768
178667
164296
20641
150712
97914
122292
24012
26366
3614
139735
30253
65609
37786
140783
163399
54026
172011
190036
51251
196643
161201
60671
54939
23177
194308
103755
158563
129366
79106
153481
43875
79840
159721
102809
160072
86656
29802
176229
434
42013
4715
78218
95677
84954
48145
43073
176019
34787
11355
65737
72167
151278
153419
169334
191074
99272
74052
67643
3142
64966
42664
183187
54361
1681
1910
99923
10639
31371
46387
163768
62662
91173
116888
110712
71904
171290
1481
163390
196363
17421
64837
150873
124170
126594
97749
81679
158621
182943
147851
56053
79323
49933
48019
167470
164619
118195
101842
95365
104868
4992
159631
35403
128671
39923
145822
47077
156739
35292
94808
5296
37285
189746
188229
103837
80098
160143
24779
149456
56978
31122
56111
153415
192979
146322
76563
53435
85053
110116
175288
126782
49868
146681
187987
93315
147100
124914
114695
8418
110324
112651
872
82212
191106
102829
89318
8733
152776
145981
129316
8938
59
53307
141810
159225
132531
88174
70270
39706
182413
178121
130707
130733
113455
47650
168422
125205
4491
82568
31877
74156
156732
174352
13633
11268
40805
10919
106349
77080
179033
100573
127445
199396
196333
177518
167717
165475
9267
68267
158401
135956
128719
154705
58933
160810
162157
131908
43759
107097
61744
86115
16242
118038
74522
183182
62169
138066
119113
196962
31857
55540
83897
69541
26111
187791
149473
27859
96707
16438
138244
22686
69557
124258
38557
590
66727
133829
95925
8959
111178
98449
140837
159280
101368
59212
17276
167368
143481
88765
62115
30379
947
50718
103013
117082
141908
32499
184903
141162
155288
38732
152444
186583
76474
51151
79147
184028
158802
135066
50643
154087
80374
98390
59556
168416
14189
188210
65670
157505
140977
167075
141125
11293
125429
120002
9967
170808
187361
190145
132453
119504
1483
105782
29502
113608
16582
141991
129937
169112
98510
39092
33057
139067
62466
27565
186678
30357
47292
62316
150188
158957
79208
3944
159562
8494
162650
151182
179884
185143
96887
117081
70093
56791
194426
128181
25276
197044
194994
3211
155655
134533
741
91165
100500
114342
122173
58902
77332
75638
56084
93387
193071
141981
121822
161482
116517
111048
114009
185897
40845
104519
60119
102720
44178
15886
53549
163270
145826
58794
10386
55706
83760
5755
125324
17679
21722
68192
99900
167557
37049
114811
141117
125842
139848
118607
179892
146762
173563
167931
108160
46904
116231
8972
188390
18861
61847
177625
74845
175144
97084
2724
143681
105808
199528
50158
67099
121363
46555
185857
131486
109640
128284
198163
177384
185862
113096
192636
56102
74529
150054
170026
102992
31682
128394
34481
21110
187831
85558
188595
168585
91146
171444
18438
4725
72843
115619
106316
127152
73530
96741
81738
10652
60946
189731
90061
185718
117931
10811
18052
189458
189902
2222
8698
13494
167314
5634
21046
30618
28559
51080
120753
46605
66269
20168
28365
173175
39016
101008
60879
197984
71181
79731
87725
36306
87096
136962
196163
192454
33047
17263
181078
46365
103400
139247
99730
183867
45857
115217
127020
73775
151700
45757
187908
12798
137575
170916
177792
23051
199604
199134
190227
129003
90874
44303
4837
101625
76180
7515
160392
74980
71499
63841
44317
57818
117364
145274
113474
18199
37981
111879
79526
108724
81931
81981
107203
123660
95975
76930
37303