15718
82141
26071
77921
77817
21253
93061
56350
96163
94278
23966
75746
97880
23188
19427
62992
40227
42162
68489
92205
77518
89662
44555
85264
54752
90281
91665
96948
1882
63722
10427
67045
98343
46906
74735
44318
6836
18070
48165
63012
52419
19516
28360
80364
3636
73294
4468
15680
28476
21231
54398
74552
33307
33914
41607
9149
93211
83394
26271
91410
79950
65166
58915
49513
5933
66609
24737
87543
96533
55606
69842
12802
63381
30201
18745
93307
46307
2587
17295
31287
16757
70360
38285
14751
1967
20
28179
49674
35470
69952
98176
55766
35752
32291
67574
31179
41777
28406
72752
77978
52917
61415
52490
13199
56558
11737
92665
56192
88462
86594
48176
54324
2933
89739
18771
45398
1873
54974
23434
77598
96290
75374
32625
38140
51742
55857
37653
33440
96587
72515
56206
16580
1304
11181
34162
51286
5903
68772
73295
23483
84837
92095
35647
37205
60420
22212
10684
93990
24588
28647
11252
44744
62358
1377
7160
1601
87245
19045
31747
51537
86550
99466
90148
80583
10081
11699
14258
55831
46147
85037
58143
88170
39119
3032
63785
90086
24163
16577
4169
71450
42467
53733
93370
848
57176
87295
78621
42623
27467
21677
43925
13398
31306
80994
54723
14136
79304
45405
34982
38142
97720
17932
87221
43533
61948
15849
21606
56308
53355
43347
90932
958
97301
71263
55692
28923
10617
46926
23095
85392
76157
72727
67333
38663
34312
61377
12550
36342
96293
65336
70709
22176
13758
17981
91394
31592
68335
93100
94512
31979
56509
86422
25913
27424
4937
13039
25860
2827
86262
65118
16042
97622
5169
73267
14339
40216
60909
49
59179
94646
72082
29004
36787
18057
68079
97397
31445
19685
36635
35274
85529
45681
93847
97942
74043
26154
50655
43677
63688
40214
83687
46613
17966
98687
5341
21590
55047
52601
75925
31823
10791
96641
89924
40110
72114
63324
59625
78314
38424
4820
27568
20408
70075
40266
29861
11121
79908
56686
24226
2387
24036
23078
90797
11294
53432
21965
11305
3398
61536
93955
49678
61402
11452
13700
84094
44538
24747
30715
35451
53381
42967
24836
17177
47073
19844
59205
70583
20414
47079
61011
12609
66941
52109
74704
16561
55086
79506
58984
61370
58225
90598
35145
28802
2039
87153
36536
99143
78815
83250
3026
4289
43587
60638
51562
95479
52013
8295
59958
74513
1988
37812
41343
41049
72541
18753
75239
79860
20180
47819
57609
29529
1347
28384
77332
81282
12872
19215
19406
36209
60256
18380
18302
83950
37805
12975
18274
27945
88655
86
631
21129
32601
73900
23512
17597
27768
9445
65432
5135
46342
28835
27719
61996
30371
31268
63185
31613
97771
24878
84688
35493
8120
98527
41258
83000
30055
91400
7485
53500
1945
70435
16451
16776
24937
32175
74293
70827
18124
44533
93835
23720
76340
1524
40890
97468
1748
24601
47347
46558
14368
27358
68449
3274
50230
4771
55323
89587
32187
7018
12078
17952
59776
24902
23475
87623
23860
34498
99777
1605
16244
7694
23789
94522
50271
67019
92721
4622
43174
21678
70061
43356
2154
86824
35780
46856
71480
77382
10796
91113
73064
40865
40659
89325
38900
15976
15086
75552
94412
65307
44042
46243
5424
15546
17173
78879
66466
77895
84484
74169
68292
22626
23344
35184
72247
14403
3737
70942
18595
34557
88297
75823
89193
18395
22879
8020
49247
48835
93965
5552
44884
73178
88502
32031
29412
97460
49932
29592
85155
18626
71808
20972
68931
67042
6882
81372
10666
10763
70504
59799
92262
70562
53208
17941
57065
2048
87117
86914
60119
64378
60870
44303
18938
14038
5557
2164
71719
47570
16032
13411
51357
9340
25873
51306
8641
8734
35049
7679
54134
9748
52195
56471
49685
75594
69897
805
43515
53624
12385
93391
75572
2215
31871
37434
9762
56027
32985
56227
50785
35765
48703
36427
18678
99400
26063
21737
9766
62878
95347
90794
5589
31122
54074
36520
49817
67228
40249
64279
26642
69019
63526
41361
80351
89492
94831
81065
95412
75712
61571
20939
83758
1643
47776
20602
98981
49741
85026
30408
2060
9466
5492
33460
13294
92672
74666
47058
81287
57027
48470
12738
95043
70506
9620
52527
89339
30457
51296
18802
42939
15879
29857
21945
70063
87186
50435
25055
2395
9909
62141
10587
95734
65153
43588
81771
97272
46987
73519
77796
30534
8192
28684
54053
33296
75409
76010
31206
12751
24243
51412
11995
30883
840
39962
4643
61505
92539
29294
78986
68838
89514
23934
89892
96095
12127
53003
29278
45898
10012
58185
55777
52416
32810
15680
4255
72852
21162
26870
14868
1039
39947
79795
31426
31576
48750
34918
49291
75282
63281
99501
67362
29074
20768
63567
70407
29192
56764
21663
32264
91971
35703
85801
41871
89366
37401
94311
76681
56917
39023
49323
49794
2562
79292
16516
8092
16708
17715
65335
3658
60059
53630
72102
16878
35501
15664
84152
57350
78612
46615
12569
6829
18683
69700
17876
3649
3958
31769
99311
22679
22720
71684
718
41711
2163
93058
66778
39889
16547
98826
18303
21374
82765
56233
92789
21497
12881
19459
69891
65179
58020
15501
62317
22169
15185
50942
50892
93375
52624
7117
75717
29249
8072
22905
10250
21364
7704
79576
15864
62854
67163
88333
3044
41932
99067
80686
25589
77560
80352
83258
69609
39107
55650
72233
12982
31948
39083
27236
87309
51114
61669
90633
27867
58819
44160
96536
64950
86715
76822
65031
63222
79339
77931
33497
91726
43224
1819
55592
1893
59943
48888
41460
66468
79276
51872
98787
61044
70389
69315
98136
78412
90799
11229
5631
52783
27757
78377
33467
43978
42652
18541
14034
6154
28150
37953
91437
94938
88605
30357
44077
32908
26435
98568
92460
19138
23457
77454
25169
32149
97404
86892
79131
78264
69120
13712
42860
83820
70625
77683
76179
14613
96917
75471
78207
87225
55376
47790
99331
19795
79264
5436
42309
3139
73651
3249
78321
3361
47465
46191
85503
3500
3619
62055
51318
84444
87325
47634
22524
31166
93057
13472
30644
99978
30857
752
53782
60128
63406
90748
49808
98905
68431
46856
94648
14782
11390
98624
47647
79978
64603
4814
77784
18550
42904
86264
2779
25280
49791
34201
20611
46317
78503
94049
50275
58786
66087
62411
19565
5935
34811
67509
40847
76784
97992
89956
58414
22791
86326
11787
47859
75252
27358
84505
51864
94921
35156
2876
58460
19841
23075
58707
3841
49146