845056
345513
354005
439471
739622
44916
598314
354395
337336
92092
969047
245259
208461
369525
603630
810065
946314
573070
407796
407741
814678
684180
317386
807044
213261
902806
120988
477785
177916
133811
898715
992819
422234
589118
23717
851050
90451
326499
715740
455663
296200
227400
863703
185728
340466
520741
966287
923419
901685
117748
316710
773088
587853
85936
282994
701105
163691
526226
290907
866864
861763
931447
860730
389075
918200
188432
536853
440105
807131
684643
51537
596580
916491
827191
399432
805291
120299
573394
397778
959357
799354
531731
205253
785003
440890
13427
857207
122778
554821
460142
57839
689428
869356
879647
67803
845675
600673
848846
876425
807641
701652
515355
705426
771712
593952
650850
576537
502805
356469
506866
246369
220449
327582
611668
856303
988235
82545
832062
831188
3671
657279
162268
758852
239152
474689
676518
319124
983777
968158
555117
667933
173772
926307
596902
959418
302688
379251
218355
895810
960553
46214
172342
819098
746872
623267
72108
692588
947511
799516
924142
696549
196006
441492
124276
332441
457412
372851
147043
510223
737506
988188
872430
222316
400635
660549
988571
389118
754800
567934
300752
92920
747168
585465
210264
91977
125617
823093
686043
60019
832713
326368
584762
787934
845050
508505
190317
279228
842661
274412
598290
99440
728114
38754
125814
934147
769074
91
903906
903847
620623
601842
370094
724430
255423
312934
300783
927851
759873
160382
763286
374561
764924
648952
455720
145361
725408
703301
170078
422844
378772
945670
94816
432309
931722
999922
917164
109119
353680
895923
155861
659501
911982
478468
648819
149616
352616
436327
702129
176579
438616
968759
710790
735431
973400
153229
494625
754906
859439
55646
826469
789718
383139
2818
238431
930339
807058
478599
165926
643550
712654
150845
5511
419110
899024
992364
300649
572826
697226
811605
47752
559094
121382
685071
970695
623819
298052
184376
410871
246989
494429
866126
542749
239067
742030
720190
505467
664736
723838
814398
652301
14213
725101
774384
954750
767262
199253
985770
938015
820617
799987
419084
182183
53510
890298
281417
734774
712048
351516
240240
55266
448138
954419
903686
397051
634918
349545
799570
331284
880136
386989
633084
858092
370650
810575
124970
128766
71505
860679
899540
70028
827906
436171
979100
225209
856084
930272
745894
641142
683922
973990
310346
196041
544592
7286
11761
971347
507739
398867
124192
462750
310907
332586
286657
440470
688593
448292
69557
906392
358189
728123
452167
811675
126041
975200
654750
359507
189098
408245
222258
897935
902003
35340
646221
488507
155127
130687
673717
109709
902368
196679
824300
262729
281131
284621
500673
598791
824189
775428
842718
335000
569583
180445
400418
704144
734911
685237
410505
130620
705790
37007
286045
920008
546361
863158
883669
659571
759159
699714
619722
5779
893949
362659
283138
744872
564294
989885
645352
471609
530612
960798
48713
351043
699542
834266
52893
993816
720069
28545
913632
521487
663738
446
620929
653320
637534
833449
894183
958872
374830
739725
484174
919522
849721
264988
429460
878159
551082
618175
512127
655686
476458
181690
597844
205745
523810
864276
258091
136436
202404
139647
433586
766740
882291
88076
695752
104361
675416
694745
695861
876261
575466
801580
941211
345060
642934
123646
21449
497802
877241
47945
662311
869390
527474
672232
508348
512740
331231
785123
902534
127742
503017
201449
115622
920192
308144
930117
858427
652601
210076
734179
918567
234616
688906
80536
646820
623981
670776
365170
362385
380513
28591
572158
270951
983162
31637
10728
182947
99880
447846
645208
161521
597483
465112
735512
99480
196703
676289
771098
835258
604014
717796
143831
161355
551840
27410
339440
717866
312680
41110
881786
809931
602913
529735
568985
656652
420024
972590
982274
689455
415202
986537
738217
865312
842701
242105
318848
212791
922353
853477
926006
941303
582170
673107
414415
357940
150215
386018
389311
850619
86771
986933
690959
828248
723648
777147
186998
751601
806404
411433
618740
70644
294620
570049
28747
919920
740443
444711
604596
261260
147650
855494
559849
896813
659921
888901
30697
255872
147595
568153
896228
963677
601225
17312
110038
313524
699826
695015
653426
933907
89388
701013
650101
282479
592849
382933
133247
3114
858073
438663
950609
117288
920040
794672
75536
367924
36560
422641
932697
891197
930230
949389
839903
390029
483707
415858
782179
443157
18424
564949
266715
88357
912051
181968
108342
807846
266621
650191
323537
921758
550751
960627
119086
489423
392847
410636
700611
143660
417630
838210
783495
896913
776741
566669
700477
661326
504840
741681
166319
654492
379670
701507
708833
427682
373446
539288
689399
125021
162045
152922
412185
766229
782877
911844
206434
125014
199934
365816
791877
171849
617924
423596
33551
147426
517809
493630
754809
45140
334002
312624
461005
290628
745755
787211
465454
175926
224192
793573
602072
301471
364820
877664
658551
934408
558785
680790
967243
192345
935012
111093
115746
775169
833182
606830
805430
695574
758653
493999
155551
500934
689798
741676
768678
930872
945281
403757
888657
263563
503393
22907
136285
763328
789445
535510
209783
272306
483835
71989
659575
766048
456396
211195
537862
338033
749315
447217
293767
121137
983088
500962
348667
566331
97872
187223
979671
571861
963193
857880
209302
156317
935507
566602
908495
58270
85082
955636
97473
60001
136917
591148
502227
360860
990314
456054
943582
216165
925605
754276
486198
899920
992552
423175
786
75227
480625
528831
628222
855926
355257
825937
869727
517474
560962
204503
521336
817879
643113
517026
397524
20428
739804
314409
943113
727675
314896
330217
662412
633984
871643
240175
831064
694941
972766
975770
16111
141137
601764
624491
567432
996235
288517
276382
203475
4824
786358
446323
236920
335336
965113
171404
220964
299129
969879
926814
195273
677617
329983
435877
764325
854727
549314
402733
543469
393386
573676
864707
628219
960387
586526
790784
565234
689092
862216
231942
629942
190046
324883
702178
563338
304905
351172
801604
490743
527057
590014
676067
946407
514683
137786
395420
444561
183062
182543
204260
289727
220162
128432
562026
356386
820467
114770
587527
464468
71471
383064
887646
654933
742176
80890
824736
375470
932111
738338
409567
527149
5129
490517
572992
613402
385369
934564
55322
700828
58198
712482
720284
723371
801039
259335
768188
618093
853713
588589
822185
931862
684125
640107
851989
360232
790500
703291
357208
331497
5256
388125
123968
325980
55700
784269
511814
242145
218299
292528
657509
786856
515332
279898
978807
401804
147051
771298
764315
718275
691319
104302
645348
132950
693
599281
824326
810253
222479
421227
56886
414057
206313
88926
416201
789000
256112
776273
540768
977577
25677
220277
965583
514918
910006
421541
173145
644192
272401
956367
303813
573000
472725
966010
985146
245053
773194
877579
879614
517928
683079
859576
50709
947222
723714
910339
546869
798504
550997
74299
514869
977916
77980
535566
219106
731611
84149
878196
738718
956944
397034
654767
295493
554053
182171
269375
241515
955954
85023
432002
513774
236547
812538
753165
634493
86207
248997
304052
215605
428889
444997
355367
152003
718565
29683
77093
784479
561849
888090
803000
640480
547633
992885
346098
549164
673315
950678
682516
96984
625834
961526
200951
214300
474958
257174
300591
113613
193443
304472
825640
128689
289751
498841
60185
922078
769331
82026
637790
641641
648859
638334
981498
469043
18742
994478
985675
697884
290882
186513
994753
217630
867695
533894
674060
656790
715299
797825
285219
958039
862177
919385
103728
595960
764377
426896
905424
389499
436023
437391
219556
1137
321220
655492
685529
430441
570174
367695
453257
445435
809348
51871
909615
833924
881530
195090
884936
769088
962899
34038
853356
550650
85467
511161
36024
481370
115676
733697
147721
409871
546411
21799
578888
685799
66377
4576
252406
739083
309126
174823
155193
756002
965781
193361
516512
979343
95618
456237
161586
952872
20307
967979
887128
917246
94272
453836
792746
254486
476098
309499
281187
331189
487323
240879
722275
162530
712335
936047
383954
134579
461245
735679
53338
171456
222061
211137
862802
891142
457455
624375
2444
867491
689962
78228
599441
873962
478589
261683
362015
473400
144139
226244
424963
365020
948652
315428
42972
453842
351951
226230
401118
897663
768095
868246
920008
625326
479034
27683
752819
454487
760371
370922
762789
311695
656274
267988
879840
118213
803335
330905
330061
686714
413756
163749
349144
764830
806522
857564
915589
163892
470691
153786
410082
410296
649760
963242
569591
966940
831489
182640
824986
133413
488124
375593
550940
534032
297731
90696
763077
271048
766977
144569
548323
544854
428215
749991
744106
764838
26144
527248
853816
588371
6142
329512
201273
323545
378891
549555
761172
526453
478764
520519
946750
212905
18089
72739
395311
21037
393682
724702
939982
834911
860245
383908
858585
82165
619625
274117
980982
853765
384120
216338
297360
230429
633084
14482
716074
934785
311841
745666
494537
749817
696823
240381
361754
977265
594894
619446
369816
952544
201286
77691
689821
173384
37476
120470
513782
395038
550070
915921
358979
437
978734
780097
702634
221150
308199
856351
610445
322833
382429
489288
767557
186900
671584
275867
803588
753801
987067
487261
305938
681592
806061
270136
743966
571915
55128
908620
172069
35407
686061
482110
691395
294243
603471
888688
929829
587707
320737
444553
359923
716959
845416
848751
420297
527698
242822
894826
742979
413411
227343
407017
470629
79578
407264
347574
478071
462973
894480
668015
116942
916747
978968
436338
798324
257723
963852
838159
570449
180909
91548
916180
450832
178952
162158
495743
871065
315942
148530
119095
180481
779151
763671
827307
438342
205077
866995
740274
442714
601517
14737
17264
71383
839575
507751
642944
539687
79957
874549
353783
123027
961320
881690
231958
709845
907633
266474
918378
120709
997778
753438
328630
469959
147952
552265
142799
430898
412210
986053
871378
961195
891055
617431
346955
70651
497086
800488
35438
840479
471121
969948
194430
685208
172381
267477
457523
289158
403084
692095
953885
758084
828911
887846
566121
640929
545894
863442
152082
5133
331944
199495
981848
727871
179175
748073
651382
686813
488250
220216
71916
613987
700765
191149
906856
309584
105275
506680
638551
212170
534864
786885
940780
46635
468854
223781
253620
30569
134564
766891
684943
451367
659895
816706
75293
413145
720845
209533
118723
829025
216164
146367
129205
112912
325500
484821
928248
759981
384537
626144
776669
678089
76854
402001
603258
93263
627437
952577
466255
983624
336246
278981
890450
180021
777549
746293
766749
421483
143342
495261
740798
851786
743940
898413
403402
453609
841857
7656
90179
97909
160344
39623
953609
488642
212880
451903
923177
839411
511449
732777
251035
669627
958977
896377
663238
323134
642509
20100
849870
548727
391181
106495
930205
757445
711557
414171
211047
886988
662446
302563
341754
866915
428763
678677
105527
790499
304858
568351
474874
94461
836285
795585
419476
877752
121784
792230
306328
264950
343304
615512
160204
62468
823739
187561
913678
384816
822074
327717
563011
339549
472311
509251
345528
32165
780908
697574
929266
13814
170782
877114
174130
400324
246061
633405
351102
672447
389600
571740
369766
19318
548549
544106
320329
944262
287495
995564
777866
780983
863906
111803
334797
580755
548526
785566
459903
362965
539214
941348
277759
316571
666474
661311
552879
669155
956440
962512
324855
201216
936469
561823
904398
909864
492264
763471
495166
238396
260035
976486
760669
174858
291767
877162
664513
280278
494356
115225
914849
923417
717228
871517
231560
838871
409856
704293
708859
86447
628383
350423
798942
101387
379306
106738
987813
91328
317999
478361
221669
608201
128089
375374
43316
709971
716929
780163
485355
160660
738622
434003
878533
265465
472804
826989
260712
42949
114520
636450
353502
967677
556732
515636
198291
613277
156491
205560
345171
888011
603164
967924
241575
435440
116964
976255
945853
769148
716090
544673
756922
75527
406350
445505
41848
565493
472629
552323
397393
867600
552684
249586
558089
475183
3008
821578
871786
106462
85651
149676
884202
82603
336335
637316
778725
232255
868406
537610
464658
494456
111236
534927
937536
295741
543741
696905
312860
938794
10739
296765
453907
35833
92513
410012
850000
711433
763447
841603
629176
676029
662125
217609
534351
500265
573226
558155
618142
962869
431399
750300
446918
978715
817982
103886
777849
287194
317637
888524
930215
253728
710862
411266
629591
453530
526207
231213
818138
712227
413942
167532
539462
164216
422779
816447
773385
785961
946881
107498
806176
151657
527981
745312
898185
255163
376739
956758
14947
226672
578850
950369
668762
467196
804262
190948
84893
339612
86583
267370
184844
490391
222952
248198
6611
122866
433303
673346
357274
64532
187629
472022
643174
398889
487864
435296
253666
273384
272040
278771
73936
579067
387063
175576
768396
506677
439276
199192
716556
460285
755541
200964
835169
384558
15276
372938
171442
112419
183892
506232
310271
910021
38970
697053
476313
907314
137162
225297
770129
144062
958382
576594
353611
650993
588279
417931
810958
62269
65836
218563
82556
584747
242928
968384
622146
74282
947476
198584
446265
400297
872513
979348
358145
848536
483096
85729
191363
132003
113843
559146
132615
792764
367366
56386
153914
134296
720605
555454
175110
698361
414486
581248
917655
317177
669097
288819
155156
911208
665378
763681
640482
105163
911733
309303
986792
613325
944638
718721
256817
744783
413260
421838
148161
606987
179913
782042
202578
71180
687100
594931
610755
178885
608869
691198
716501
998307
868223
377494
346757
779202
803945
941894
166489
107699
473000
892979
343751
658889
671800
470934
554655
84829
232255
607989
9548
994536
889509
751423
85809
496712
456431
205060
95471
183503
915760
402563
660143
735415
208158
218948
253853
615390
887058
21602
896115
643348
174060
184098
659606
739888
874504
65813
320438
587435
132387
620771
907351
758901
362302
813860
371111
529010
739038
403896
719592
525750
489349
674816
509354
638177
665214
889900
617436
589923
491780
407071
93165
532257
97396
134686
704889
611685
620298
312536
611885
294806
963453
404456
269070
270254
568054
286774
567138
615882
713155
970807
343241
496559
423741
125444
393325
840286
857241
532550
947755
224201
477280
100387
870503
698955
560009
847707
338515
363614
331114
575985
4998
244372
320931
795677
946631
371930
651391
230346
726191
815093
668483
180658
529678
185046
304824
802584
962752
431917
344183
434295
264770
525058
996436
687783
29149
329558
78188
62455
133874
505819
624046
346521
832185
278700
943666
229714
838774
178977
794618
88300
332614
949760
361932
85473
434933
129695
403172
384506
329402
934762
134783
60729
957645
113076
925263
307275
522977
263360
811289
974534
145044
303750
387558
122642
564471
597501
59941
63054
823486
329978
632640
63847
582133
143007
90536
997919
920109
939430
732386
696955
902189
47586
553927
843972
363664
317749
508520
795853
51740
115376
660139
5711
168432
114727
916372
546410
553082
93547
957371
182688
343871
820719
310081
723285
130806
260246
485387
331482
25131
146856
500027
294147
189503
152682
562095
959512
732919
823304
823738
800870
59943
31123
956229
310240
852665
102519
493702
1447
830252
667813
994866
239778
678645
65283
568872
951160
795861
511125
667953
754041
327882
656685
215595
291470
664069
490426
952175
554876
156686
15981
947940
203448
94482
519100
562685
704092
519996
445370
690511
313507
143081
12468
394482
927593
149825
91566
5419
594033
404681
277480
191778
939323
507840
488179
978018
161820
459874
526985
896078
85120
929346
995549
71254
385671
549822
929252
692302
614231
138975
229478
680801
488704
184175
689270
208015
811974
961135
608489
690280
498189
190333
715226
941351
826396
637949
796243
647937
212219
710984
157265
318776
597336
691736
890381
180131
627661
251882
375685
958145
995503
667220
355795
520303
431878
469203
999907
160252
950407
853111
995956
292651
427007
35281
59320
904292
772845
865019
218548
155047
917584
888562
154809
68548
145027
481752
68618
43231
886448
449131
459560
818506
294213
887394
36598
812374
208406
567898
779413
176043
472737
404698
367463
677180
824885
170399
657781
851765
225094
27720
95250
553328
202444
15187
881293
955085
911444
278869
340316
880331
524018
108729
42542
923514
319649
76928
356800
494733
488831
527698
16226
938518
144041
628795
180907
61487
907871
110374
925632
385515
655559
101604
673295
106985
528485
923805
110918
510140
605688
971523
815531
31664
698196
757586
723016
703036
598201
471622
233308
954020
409942
257778
74102
718437
691576
641405
902797
936762
538684
259214
39215
812620
423688
637219
246984
168925
420535
586672
874549
514123
274848
308615
555441
692811
386422
417248
907342
196118
473966
850000
527431
666088
840818
682451
378600
486126
305508
754370
916105
218725
388084
679319
738519
624686
598354
207441
401055
628105
915972
452478
498549
593956
46304
264390
441218
468692
525494
244370
86231
219290
425835
149552
616620
145453
455642
420660
696749
430084
728670
719844
285671
662411
109950
913978
896269
584548
865734
955987
860080
458120
589013
604203
1436
158745
336985
936924
406717
873362
898796
170215
989698
514991
689686
32900
181661
438321
335495
318903
392014
460380
646247
556164
795115
284899
259191
92361
321685
857578
381318
361210
908463
709996
811442
763292
599148
764726
277788
208127
887852
924407
230795
742605
162929
508836
944418
439482
753421
948454
322333
731042
618180
872640
470118
781028
315898
515381
261107
613712
992511
422718
467491
762697
321421
818272
122472
281187
171050
880175
198379
705009
500800
367687
859065
914762
883235
563923
386888
76754
665437
522998
491540
998470
789403
36877
503943
959139
465332
793651
641773
245526
66102
685725
236187
616948
670041
984031
628828
494839
366505
377836
760374
850046
143066
672481
707708
111371
224740
572105
751837
383170
391733
550918
110339
234727
875121
961537
824005
967813
756599
476428
827696
313283
319344
284723
784878
92965
360048
84556
130816
975833
276088
674589
465277
37889
808498
97813
83232
431314
320643
103459
461618
95231
135340
436415
485740
678912
871633
328039
272813
269566
617718
133929
337580
156639
310335
777340
496077
890284
384230
299208
564349
453515
302532
994506
754271
934777
88810
813147
386542
900688
679263
301349
466529
151584
920529
299505
775242
519611
611373
325991
85432
811907
607833
918573
923447
904081
606754
420417
376159
725655
510499
396125
634524
440538
845887
265598
305268
349303
326505
831374
178234
279013
477684
314858
117990
387107
205761
469984
716076
612
863002
381431
430082
748584
951739
263452
487805
444040
373183
964754
783483
697465
883530
856616
662240
803193
588277
880549
581042
411392
803405
716890
761270
71755
557138
130686
225903
569473
36565
889152
298180
215869
779125
454645
886618
446877
739618
689875
781754
37820
65029
942507
505366
706483
265700
131641
274275
214895
574962
104501
139689
845128
616225
535638
185418
22409
820134
730037
515460
407297
987367
280256
455704
20660
819059
373252
815978
741046
398804
484278
790186
474165
578754
622009
225142
165222
558763
28635
934718
550636
594357
994476
688281
959061
425727
521634
380261
541155
74586
432229
997876
989564
831308
968441
783274
504181
474600
389367
12884
162875
715834
876158
836977
367098
550242
866246
452180
162957
236885
686336
287152
887664
326493
5571
287504
104177
771721
991812
536650
656600
539453
299929
116193
898598
847680
211616
929946
230401
991904
356356
328178
889483
241129
321625
940648
503247
131575
863887
76091
724556
277277
386418
78889
243738
804125
60539
651328
282879
235731
919360
754162
436218
421245
428374
224154
641130
297144
192303
638773
443273
975409
321908
393228
558987
372897
102049
353465
669721
177507
60984
344356
240777
672358
789994
5656
464708
824926
338337
641820
775819
858744
606004
936568
313516
37808
693969
70859
57633
13126
707126
208249
846311
359358
467768
532931
428099
44871
716484
160231
112340
119276
979001
485193
613455
903341
833107
550382
525692
965498
260691
182119
376824
62589
810548
819220
485596
16403
288261
870547
147310
913383
282381
431891
401415
885140
313993
289243
656411
766592
490786
654916
761941
978249
611976
907407
41581
384238
251192
167087
962030
367857
837437
842548
329596
820500
437266
15379
283287
457457
14335
926603
631568
868289
26181
640782
524614
300936
810214
556107
683076
30723
980506
694331
398447
349351
739022
345345
322763
36769
279147
776032
979014
559377
19626
278534
210256
175834
967114
288900
493138
808588
565982
571215
36391
146621
629289
230967
397235
551881
657496
595278
170611
547241
433448
679494
340492
480511
652488
433126
253792
96839
216667
65954
508682
206069
980712
515156
743484
340040
592982
53557
819218
841181
249557
651713
760392
874866
611677
491374
238466
426061
184047
408176
184739
240462
605004
158434
545763
439720
741989
567023
716200
61005
817121
112549
249957
352672
420148
88571
344241
194818
58310
656558
990264
510099
421683
321798
466660
49355
267378
238471
87211
350817
807451
928007
313963
902395
533054
584879
296059
205008
668715
124524
512885
196917
775397
242757
398396
940772
155490
533157
511616
459114
759753
632487
695244
243125
881359
379505
475980
528267
561857
267877
176910
204229
862910
227021
706480
610631
136725
981375
895509
860086
496686
990646
520711
292989
105790
865251
867693
272174
313936
598311
668601
687805
434331
912906
543225
910843
220063
722665
956533
336383
805467
677600
223272
799619
613960
851782
700285
838898
950735
918159
995933
145990
21780
576389
703154
982721
619586
792880
687133
934579
722788
744468
617838
954413
526121
649055
628345
563395
292733
816240
71514
635434
883811
773521
771443
477897
91155
982329
809019
656025
869665
385576
499987
449315
95468
124022
619369
454563
20617
795245
243380
427974
966471
986790
61932
101786
671338
348978
674877
768234
297669
834715
159031
732152
116659
491595
849171
143222
462756
452120
827495
906195
829433
484897
332363
828461
565360
599084
747877
77355
62249
965127
894148
349266
80011
301306
921647
287581
31404
427109
190881
589195
857474
907213
714333
871766
429921
885513
85560
550010
415074
839789
673562
613793
154172
182493
832125
797413
876347
918861
878675
135272
142107
486295
4602
421389
358828
981176
95693
748083
282088
934976
922044
728550
89694
507187
507863
632733
994205
786527
532935
696444
54587
51797
19565
235845
913617
307188
182261
235758
431660
123021
397445
531172
206475
571346
597802
867634
960552
576196
614827
515844
661949
106407
608128
918254
451244
152346
945328
506480
106746
961918
646416
700150
675268
860949
502084
21609
104950
598884
761426
875046
137576
985541
168087
197158
421903
570271
838717
597358
176087
704835
677434
384607
479934
738942
725525
895644
463389
192564
671326
142085
42144
278553
56430
364305
721153
574585
866346
607532
315575
96802
848155
758002
816629
769852
285346
942573
520918
191671
330455
40599
807084
683166
516544
151323
883874
18934
95099
221468
11117
923813
84439
333096
477981
328945
469876
328547
876842
538147
992524
290576
428886
612220
339657
659985
832071
429083
780335
866852
426859
769582
389939
470018
598121
399081
866151
986152
510330
555850
742757
802750
943730
797960
871077
343091
124397
122484
606013
181690
642222
818800
237059
902496
132131
731469
462355
103071
938939
555046
73327
362903
674740
798088
807252
965858
932220
335214
695039
201879
653549
85139
107610
477742
926221
274548
937800
574277
518071
490001
75494
875018
684462
985557
527835
622994
65905
744488
615717
216593
478189
688461
608343
813141
378761
100831
495315
952753
586638
2823
554952
547052
325582
16917
349544
476618
513549
591353
713044
615845
515752
181801
809950
105368
908063
939425
799667
335014
902939
351860
335446
520202
587168
997512
653459
183007
671923
985677
311347
288147
318006
880461
885036
289161
801366
438812
366489
316480
337416
252813
676951
502738
585545
366291
227741
818306
729582
279649
231052
681930
501806
777115
413858
506554
366246
913613
292653
886022
26567
673548
911433
458351
404681
358189
550984
437390
818078
524613
587782
716323
214100
613624
50873
133240
412423
419753
755823
319131
791549
360889
20954
303449
37237
974990
784503
872967
245095
630734
150945
122078
305063
815766
767954
202385
382598
271
312404
796507
532959
650147
832566
28756
318020
888697
581835
872875
391480
406824
530527
790472
10217
464744
89135
853281
398947
133553
227662
919124
958513
256857
107079
560738
552595
117330
800455
890768
552858
381948
324803
870618
864229
659022
277248
533236
462355
431375
684288
748910
681966
711101
77764
93996
409927
321117
533339
46759
407121
956623
412142
323605
582436
256783
864523
256998
834973
923712
375481
411298
710248
394812
395901
523514
254331
981048
389420
182071
836830
437996
676901
663120
200331
431637
84886
906852
907087
747976
276962
602115
63019
669346
428156
125706
792100
698604
159588
146786
896215
899246
382151
325746
907129
821335
744744
502301
650823
487566
91099
989697
601098
238679
189331
845914
510649
576926
198672
500383
998017
381291
658161
363415
938068
180601
501441
45068
717943
976525
547361
813491
773295
530873
864041
602078
799859
465717
653652
104332
429357
479761
736559
577927
146820
801159
903896
604883
922541
970549
727165
871816
774227
226839
580152
748593
90584
925411
879129
458804
940742
886057
699590
805153
740171
946602
501888
289092
436808
77603
613980
338873
694140
660832
949012
565742
957737
302540
268676
723492
397147
436791
260244
585065
233401
82631
138343
391532
596623
369726
313415
232346
60739
45212
227978
161384
641294
530477
989782
258167
167886
189146
61100
367838
554996
407514
287843
42943
629157
887746
460587
731127
713392
219300
306726
794266
847742
706605
692257
457650
572309
865134
670503
482773
126294
945470
703109
640859
20701
832927
845047
673253
985655
947496
729336
400550
97295
369417
311050
359506
639733
653174
594867
451436
92619
696827
587261
209675
71227
772093
297559
45914
229282
942159
575770
794130
81116
841112
202603
601680
365827
752408
961198
809377
721990
605802
1981
594102
889237
191588
771447
908701
368379
778943
49646
39651
859647
4717
789684
629739
389709
471583
110594
430210
444658
306263
265819
555507
184105
901800
891627
321985
73046
670582
410688
681402
901374
903024
319713
251658
246062
759033
775995
337953
615396
597238
89585
94195
686206
456541
992764
274888
844347
978225
891839
97604
739220
697431
328718
96484
450811
625657
783354
638660
657587
685677
472105
613628
384901
876687
678763
508997
425895
732898
207142
386890
315041
593292
574733
479683
932150
993054
80659
883905
810780
414740
524379
490156
109525
260370
870526
806738
470634
989776
661508
373983
77092
698480
46094
608731
29587
469418
586941
144984
362715
163090
93350
744805
25893
575877
200235
637501
262480
935061
525852
114134
972519
373168
501199
773585
27579
684361
444529
639344
889087
585949
585411
437551
665452
548697
590537
971322
767205
959599
582862
546473
135534
891685
362179
467760
792075
743182
255185
30087
666294
394438
444097
959619
144405
76676
548264
945870
585906
109755
93090
737633
75209
896432
769329
206774
268330
85024
558517
209707
515662
650967
475325
721235
993068
310381
901382
38911
200885
837749
173215
25475
195529
832578
473632
723652
611581
123828
790808
642782
861689
642147
258130
258948
62997
46770
907648
118413
34008
906001
454335
879033
122634
646581
752431
645735
122397
958153
670525
84497
581007
119387
265181
201864
909768
356736
717097
629655
366156
590264
513853
222471
886590
456482
51797
217280
221639
314907
264752
674096
974042
150065
49015
171774
100749
59940
40716
940436
80923
129821
710767
918897
51947
810445
983405
836309
711732
183707
845843
551130
787281
510403
537610
838555
626350
205675
466447
292191
323640
679179
838045
739189
476974
275670
598533
706500
463748
440260
61745
705449
88032
957959
289127
538022
771069
527313
568564
549951
595203
895745
750040
216259
423995
53687
236511
831978
681143
130804
475660
233811
49906
256287
434450
694111
609489
563847
696083
992126
402615
960330
947674
396579
83721
337976
27848
93736
825504
385776
26755
290485
347850
872339
622475
92522
790459
409413
374192
240677
290097
420186
131932
788588
76315
95222
812958
727016
360915
413331
86353
916752
188710
772929
601469
744157
230003
349740
217422
737257
850935
746890
839038
883427
96578
268548
484676
128236
309438
410565
981042
132552
382100
460608
819615
618055
945502
764347
330164
214070
261790
706205
475154
649601
608894
455587
513237
176734
22756
827215
699198
475423
645902
566789
241238
275911
31944
572781
612900
272059
624928
874001
288068
587508
920326
700699
447563
937856
387217
917687
413864
813730
252843
141278
162334
917024
819347
839562
940975
385915
668907
620865
726714
103408
385245
535166
705504
84017
693316
9127
284092
778314
968310
470401
904477
62976
972326
534885
847860
872205
928419
914672
562256
903513
397847
838923
731275
794191
804627
887229
628166
549307
289772
559357
684500
343324
36887
295085
678326
214483
380599
439404
549341
567461
213021
611041
629332
717527
127443
953662
825945
596824
371134
977939
623929
681794
444510
390130
7269
544644
359925
220525
241286
126967
514998
154153
344029
301770
659524
249574
639625
209384
464898
876164
555347
262992
421570
110992
883558
889986
825810
963885
612401
49933
780339
546167
627289
759089
530220
705738
91377
671113
503546
595984
13703
776102
746611
155080
767194
344869
732694
87282
459359
954544
744818
175716
495310
794548
518643
488490
665464
730011
302916
604752
709717
730977
826694
219185
640198
211221
712535
3832
480511
803052
623107
979021
302959
452086
187516
644413
175367
23940
33905
717219
536560
500064
470239
19861
590033
871029
317393
512894
941171
342115
837246
168547
909383
312259
888100
759454
262470
832626
25469
384083
703139
276660
370357
558806
371190
683930
54274
342502
372644
817633
977110
535423
957195
840648
948512
949363
558199
186224
961024
101068
632314
46158
416218
419833
306544
463863
929303
448933
981348
400383
147990
156824
448943
128190
256285
315111
100810
129553
879711
706400
675079
220392
338629
62812
825807
800456
197716
151609
19329
253095
627999
583859
982630
288006
195493
67865
74480
256984
634378
52738
542889
114692
563355
535316
557736
56014
820998
343177
484377
515700
283365
806329
287620
571127
248543
888453
538005
693675
120177
694112
125883
893535
101462
213411
13489
176317
814546
837311
782893
159808
548624
633525
494049
788664
414879
58166
25329
313394
130093
862940
222972
75435
334462
179183
830756
662767
102594
75043
542082
616438
7401
811998
896262
542765
230266
996537
67133
497393
481277
532098
597420
966795
866413
964198
947911
362583
472829
155630
637778
20053
892245
56328
146217
553614
399403
530710
964074
508300
590643
958288
714200
925978
542215
155557
919705
620963
188623
429546
199035
951643
653807
650885
634225
677930
157728
650742
675253
374085
561827
929561
52429
391191
544513
636050
948615
534958
576722
408513
270429
946192
667605
390387
657490
315637
356892
596359
746795
514266
400856
42322
675530
717768
654176
103475
427745
60795
73615
37788
959946
340455
834231
945051
20467
810704
17758
308882
571571
489507
977888
759118
889743
607438
846494
864338
897018
973836
43033
881139
314749
803037
916559
213798
724474
220516
312231
135223
809258
585400
977594
495834
344807
825055
284894
19777
567794
658905
751950
392027
540547
725998
598751
989724
7591
723914
438460
431276
149777
153873
391685
716139
978758
86023
471980
707536
349084
278233
365825
616207
28860
426334
112082
755053
312123
211322
264952
125797
662462
220331
171155
83312
867265
359277
393111
204196
154268
937028
563812
365950
78255
897239
283793
8641
220963
902219
310665
250816
647727
202489
464980
791706
494599
93849
665089
106828
461751
419493
148826
326707
466180
303552
855943
576602
103514
663688
342984
497450
365742
549429
962863
316210
444754
880802
750740
5175
939622
993731
838585
300222
588046
323368
163877
378209
216464
991950
31472
961148
907331
875546
1351
220954
734674
703183
177463
805795
575271
804048
681209
147859
331405
897600
558992
820515
828612
895089
122165
405781
427376
175760
361881
508754
213880
304062
840524
117160
230485
828404
968785
234707
473248
383285
133627
868300
573826
427781
260416
791151
740432
491257
795956
688550
310354
519373
321351
126134
456195
746258
620162
122659
397108
526377
953908
175127
925105
23968
537859
81377
674861
383673
91696
993254
16637
929986
507933
671373
815429
790216
190924
527120
464315
294203
367650
11598
714628
642718
755238
537096
693830
870337
969632
504248
156076
97476
775749
686977
1659
340403
156907
65808
883974
64908
315388
582276
278547
700309
7335
508732
43511
858042
895184
669788
228098
572621
469353
140713
120511
6964
388046
815049
38643
402103
368765
434993
700953
426190
727442
807591
936961
636228
695069
861509
837722
523531
374213
462486
991922
447131
890727
399254
661022
908899
939715
627812
335682
472283
968978
881831
615409
666126
650976
826817
485852
919340
528735
332931
68517
291130
186413
358731
108624
896667
575989
557035
942372
533542
726052
565540
103522
414300
199710
581869
811037
822278
33467
85272
79392
721219
270433
123160
908268
820305
354506
467384
93385
127280
356141
841081
8304
547670
286835
8860
183462
422874
213808
805683
994380
340615
99288
13670
346867
586080
984007
926697
377056
20787
216091
316563
874024
81088
843288
892983
528165
508127
327331
494674
814579
899102
127713
294229
701439
852396
235065
525739
401605
644276
710273
353147
588134
460765
253106
86322
153703
418940
146664
126403
238283
222353
22315
757469
324788
975383
101556
730355
846907
434989
673781
572674
144377
175879
683025
114521
556757
25958
724930
484679
238595
774342
110654
588674
85092
643737
458862
796989
192068
656009
24224
950229
221575
269161
405334
450390
369475
692945
149820
314577
362994
901449
254998
976706
838803
370950
270157
311622
820207
918608
777062
960642
952045
876012
660608
676059
145829
895332
893837
649677
28876
897458
947194
636514
129659
486760
865730
520433
390739
805955
420214
170194
859258
866573
902567
195593
233796
63316
923581
908919
238856
229829
401959
222900
408944
571337
471065
389724
23640
984126
291819
396494
524811
969158
559870
682472
187227
966466
818226
59793
782157
295576
867913
797272
503214
917126
139141
908610
314282
388973
153864
978101
832618
551780
366611
858984
191425
154054
272225
137448
61076
405860
313255
219264
336727
124644
746791
623054
181106
651739
531609
608738
528104
895642
742953
400176
114687
23000
17759
556488
866677
131788
401019
382206
738560
578578
376255
914808
373730
334893
398669
492526
725577
383636
866179
128957
407660
772858
276184
967973
708728
403245
908609
968721
175273
879181
848443
396400
526687
487239
295167
788476
30854
4056
486345
947949
156539
118652
914613
720431
747590
142968
904162
887082
936622
614712
901909
307618
368678
278863
163843
298293
666883
229349
830201
400978
86224
573786
751181
677952
622422
429523
516006
616558
963803
154875
246029
87562
855230
688817
506836
810715
166915
7072
867231
340154
41559
167269
339091
850241
887934
11623
353491
778063
191137
78828
425814
968168
200735
733737
216873
633388
862880
580919
894132
308908
975361
83069
195011
863855
748350
611739
837218
373893
683712
838575
776469
876749
998807
851693
739613
291758
990301
210940
500510
376510
78956
461344
850596
322103
119216
813633
450700
536589
287084
552945
115456
194321
168598
673310
123760
692086
151602
794931
716973
127103
153563
18031
937811
185222
969049
139605
868850
39576
962949
637774
732411
836553
756775
711660
971157
767218
391997
551624
467402
970509
118130
266724
714428
267589
995627
315966
140845
10937
365522
86028
265077
893766
298465
83956
730045
407677
446843
372258
506565
204799
59382
117252
845825
501052
515863
942189
80018
923028
341159
513867
227278
451704
304046
160219
445961
930899
45302
261256
168599
559434
268422
830542
562832
914506
310275
146576
921967
231866
401055
689163
946575
512678
331785
134372
183817
112699
470183
854047
254484
36077
694049
796259
664536
395938
137009
824839
4302
982105
716564
739269
708242
623034
472608
767463
951551
352491
689005
690304
482195
406708
348273
346009
695588
846371
285283
89435
538466
420118
897812
138975
748211
523706
719197
656978
175575
36474
169881
653586
15293
175112
599551
551023
938164
255601
903017
424723
150847
562103
743701
512853
182162
466707
77732
182404
953913
856227
97345
768788
132893
814365
490877
654
552327
378726
134924
399647
776161
801825
409228
883288
418006
908773
992805
379060
805771
121569
826416
839030
538775
668806
309486
702736
305583
615830
194057
685217
15612
74714
65468
578587
858422
946857
352794
996930
355716
127986
462860
105378
877044
185743
87127
14264
139855
350603
183068
449372
713300
225791
929706
952108
414307
515195
548062
994530
262599
943083
373490
879973
230809
952259
980922
590301
847961
389615
237416
446666
856803
611141
918870
768360
753250
943736
342970
302348
331683
672682
273261
950016
676913
441951
815035
459645
69438
255586
648576
483051
29239
829442
683639
50328
365831
868047
888244
591543
349203
626696
946944
53588
345221
600714
995311
203713
209258
731782
399077
796469
775945
983912
689134
30774
743918
68032
55965
366975
984791
371941
342781
30870
641588
179204
754917
277852
524856
217542
327811
511198
852969
186214
696972
101087
757063
42670
312313
661937
97348
344942
784848
520767
970083
122314
410302
315432
768276
50699
944226
71405
166775
392949
837410
751883
111201
891637
444362
481996
599640
857235
91098
125828
14013
265098
177974
643135
543536
673284
361967
197006
542646
512150
76391
621478
85498
621971
920712
352638
425959
588611
829732
1904
480211
265733
585737
623338
230022
308124
565706
307834
431339
162273
345398
930691
868721
511854
587433
866381
507216
265515
772012
434580
172637
800864
473361
815382
711198
891918
646520
726467
946616
109062
33179
444911
31755
808920
968175
752933
674891
721909
944382
656899
581426
389978
875450
490565
981118
405653
940138
55701
699434
385735
408734
818623
991441
314129
58046
489287
409356
488521
82029
755350
254141
802062
407505
56197
356020
765731
520326
435866
62320
437578
890411
637074
255076
511722
456691
625174
543026
801947
671821
797120
968873
965017
453702
806336
762495
290873
280163
330300
548630
137509
66316
386498
416757
154631
72680
578003
773803
548750
493057
589549
771603
558702
602181
3075
41429
2979
284034
65492
717291
142632
387694
596522
1103
626323
642436
721374
603337
36598
21078
210694
852410
311111
259655
880929
181877
278593
309031
665552
261081
730665
922842
124100
298169
577188
512962
150428
471504
937650
125665
201976
43378
684023
719346
727258
504151
121001
945438
854251
398336
443598
417450
538967
465088
697716
545632
478211
651315
810837
709194
459183
608328
162401
139197
96887
626597
133374
970162
810772
108222
106929
68399
827092
354112
432610
239029
187239
838511
140262
248707
891500
272675
841873
507374
771601
338155
507431
336870
42123
393837
50080
472319
315553
338013
543302
761233
888244
754438
131822
421212
632664
174477
976918
661098
122649
114678
282225
108531
841683
599154
168277
804626
665672
65773
929815
593466
342485
833581
592969
871798
778398
192918
860034
850010
185360
213209
507477
340834
337470
698081
189089
929370
402434
288270
157531
395709
398853
357305
856966
326982
999529
648309
365128
50377
346073
873263
818490
3152
16728
604810
963228
193025
666374
208999
885615
886833
47375
594782
109179
809015
463948
179827
838266
707370
79850
218925
589475
613113
581348
69312
984653
385856
7836
67425
723441
607929
265641
845436
657547
760901
420174
543384
689321
704976
121393
238435
6389
1340
257434
412522
248352
684477
839040
683023
574818
4891
58340
851898
863836
803545
96758
854584
650583
734134
235200
172214
497435
385466
766084
827448
379831
745012
124836
872107
782074
388804
391945
382720
354595
435965
832932
597484
849259
23892
195638
137067
161132
98623
460977
525771
452674
723649
761563
184896
330362
441537
269319
441835
394828
424250
518720
37461
396103
173045
23615
333134
345866
886773
188374
446540
704355
229927
848765
406319
333786
183488
474719
305419
502920
973115
498425
663217
883941
969227
363665
235898
10992
124970
281057
155382
398715
826617
406802
293851
515262
789324
289780
964444
247870
292367
417934
197241
350144
467775
970006
445613
461708
684201
939490
664564
716464
465656
214837
63575
633120
320150
493162
408289
383959
453749
396808
103629
891385
541345
124386
288553
131834
224770
952662
250941
36910
896929
607551
544678
307781
914346
611452
11014
137426
828055
503532
412747
383370
263002
764803
315884
352456
247042
352978
983318
836948
173684
66794
873174
201130
807719
206426
114720
87559
351157
869896
852359
769913
515875
853985
744914
5130
78095
234076
987955
537363
233531
994471
379819
797991
997227
324212
849264
120594
710283
172964
773069
107978
624428
997109
897663
659780
88875
356929
96922
909160
707343
624517
612114
572047
593687
517274
685884
871766
554522
309900
588467
541128
870331
213017
410679
449390
720767
47324
484337
767068
932290
371213
203471
663206
865490
715098
824348
987271
977047
56990
936435
771328
56979
263377
238538
756126
343682
925967
23942
736520
289306
951262
22657
54839
192712
879184
772443
368281
100638
72210
129416
353663
88890
106853
904197
501191
613522
213568
198222
975387
183541
217509
757582
801190
32865
528836
506222
999943
505112
568488
32878
333185
123310
309906
486046
646646
279272
9022
981056
644919
876022
425131
87932
199437
195936
484658
685298
393238
936096
378938
438106
301517
97613
83554
977019
392706
877129
81499
473001
729029
189937
32912
602152
543948
423499
239560
509512
410205
662023
382333
141153
741800
417640
453662
831853
176645
150769
190918
847636
708397
966285
804601
421011
134291
897968
656750
349870
105324
625937
232660
410286
445712
751024
327369
259227
641073
729147
449582
588808
707901
416482
376818
337286
595485
763726
842028
403189
940980
525134
345054
871283
321532
286675
296682
69568
413868
385572
483039
201698
400090
575683
249382
280774
407626
930567
828765
110046
777383
553104
368124
850129
580203
124096
208475
976963
542622
622613
283725
525619
496273
519091
707506
631686
593105
242188
652551
792689
133460
886960
553457
307163
87350
46608
690745
351958
556211
775980
948394
278916
606300
231740
625535
636587
798375
957316
939233
431706
258078
941937
377235
75524
803389
121402
706105
901808
870701
769950
845575
964337
514848
705069
843973
562996
811925
287777
393429
799146
387235
497173
218129
899600
881232
527346
631304
888738
825043
858933
20803
356979
543741
30118
548394
820005
826313
987479
915821
522848
221597
545696
568646
613343
246998
176564
633622
752041
982995
739970
966703
223185
47312
838849
389369
938475
223002
42860
183092
803334
902256
538121
286511
913168
229690
420491
84131
850699
492640
810653
385058
712560
597818
824575
677392
144037
845148
63344
452922
861206
867394
490833
284357
284205
83618
635556
80777
553514
253382
975621
65395
355248
741119
864135
751295
92998
606916
857846
267365
889352
578268
362219
733167
478156
661066
574058
888384
907144
542097
593065
305616
13773
142898
831451
173404
667605
360460
653441
200535
219860
610264
417240
723910
781981
446074
51804
408939
185229
449312
644175
170432
788230
538041
57725
722263
809861
615461
738639
267109
743019
815406
203796
991116
116280
785280
623572
887908
464282
46235
31229
495572
629273
514915
697794
585048
682270
740290
552535
285561
6272
185268
395369
483568
893403
468302
203511
117322
280999
571225
436659
166922
405448
630288
11471
110356
277138
190871
610393
957475
454517
951164
117636
528803
341731
204287
998225
738174
337548
132069
301595
423927
808063
630941
874274
690687
409553
495973
36107
313736
363690
480765
586829
435869
275529
113988
334038
63633
730294
633520
819127
28607
448339
884941
526915
312022
193097
859873
806295
171191
867546
909416
375858
339665
199769
658652
977753
226193
413782
545256
799733
379809
801191
378906
744851
955487
586662
728084
902114
358313
342323
516466
255598
174436
614757
296010
232379
211193
703337
407141
946566
95318
366305
902870
380201
619597
787226
674925
618805
196763
852134
545307
121871
98528
443605
339718
794089
301152
479429
946454
820483
769756
320936
930830
746444
783400
687379
418238
412464
246985
622901
862855
63845
367769
122816
286746
731082
442018
849072
65472
668598
595985
386734
269400
53094
163673
10423
165553
637186
496202
599918
889927
129073
282025
416059
958629
74082
522596
702451
160097
966883
778406
851065
921890
498791
913916
623744
560511
6763
343025
72800
434649
601688
810147
514055
574561
587267
590561
248460
195683
791580
399169
307437
532708
741484
62747
811252
50557
508335
451940
710110
653487
328617
238201
420678
813211
739607
170831
153566
774977
142078
830905
263266
873521
344675
21473
665687
866729
639182
587857
886334
233617
903895
684668
806417
748377
754689
267921
289366
843666
588033
359115
970950
778552
420237
611899
419455
636069
883651
371625
185645
569102
591235
562229
56732
762994
984433
630406
47461
180669
851146
734202
678387
496253
463773
773550
553554
164738
682089
851302
263239
481592
890262
467149
616170
300987
203129
588122
192889
512910
636252
344231
781891
887975
281927
66948
172022
332415
230541
201877
839023
156186
32846
392674
907180
185097
535004
717814
980864
868952
118766
980432
278942
674508
246613
934163
373522
599355
805326
211033
305145
959710
458747
870645
473097
395523
47209
304761
989780
558477
768904
539131
948802
47834
45430
352080
406297
696935
812063
51163
815961
176389
663654
282530
964590
996807
799180
197646
888724
843087
617446
70010
121339
168590
667284
573731
573957
923975
908789
482218
87344
494386
126244
519611
644798
222989
961052
209593
447254
343551
412407
1184
700059
891253
259434
505731
612325
807963
591886
248235
159236
377031
856119
264971
710670
787234
666468
621280
414201
646176
333229
72799
443442
18455
321865
260914
11592
163112
847362
5723
870832
809717
719389
16833
894979
517649
246188
701782
427937
327687
735693
746433
56807
452230
628013
574910
841996
131213
6996
171344
799380
19255
425621
563481
853277
196543
928532
152664
245163
646096
162293
589958
726132
824278
254424
161827
266095
137530
700914
844759
400610
895423
651449
347080
740457
241003
837576
51191
855670
538065
643973
414466
915412
375788
657603
829582
289967
570343
96799
189161
973852
461049
195070
82571
28804
341272
197489
683971
444222
757675
584182
352949
474506
291805
606454
793603
56871
435253
928580
203346
699380
56799
751972
171938
82694
880274
534430
368024
835077
134541
80821
273947
655866
488688
854006
977469
77595
775884
92083
734302
835474
73554
464938
656165
873571
765883
188223
428852
964709
410215
85556
428420
614129
996798
872929
219462
211430
918140
816880
933456
184
255806
491666
710233
757451
880280
661285
948398
949438
807093
84743
338187
927665
575826
742129
739731
236446
413592
701625
61574
139727
723840
781789
859680
372933
541161
327624
10073
644902
550089
35378
659595
64102
599164
759999
361553
179080
656515
53063
762031
881953
99436
148203
510913
591296
194770
943234
337136
832373
943379
563182
643780
75417
288095
57555
22715
481900
31787
904194
742637
493493
296700
504669
274318
539047
633999
798080
298044
79846
156305
830857
446435
770051
407984
382019
375221
902957
551816
443496
235480
248211
977453
47531
664242
728558
341528
900137
224951
43193
64158
325334
592746
715902
1967
86799
143136
822790
350084
177678
744656
730940
809675
224124
497572
74754
546175
337209
441703
297823
540816
128246
135824
591266
864590
352008
104756
515065
893469
454053
206627
750967
712881
244634
632507
531867
728691
97276
341235
697584
586297
321019
587071
986768
803572
936624
26061
875219
186375
336139
915721
477726
616149
289423
689589
920094
926829
353646
727155
230916
918083
449831
372833
455846
418133
933011
963934
428530
943024
506798
707082
804280
2478
10444
31662
136422
717728
315103
507227
927093
527988
179602
513222
736341
231321
69358
749517
655494
469976
502967
324960
572248
734123
152860
622380
419871
678699
689331
9233
542318
740516
554393
847710
63861
44937
166428
318050
646583
398981
684215
717919
20254
571446
558833
681060
515950
385052
239012
533717
307909
247929
692094
80889
7413
354971
486319
133039
40509
395039
277346
403148
733945
25715
457410
472930
724430
939171
106238
693949
218165
211152
279999
413838
531342
677158
212038
493457
506430
241371
298420
407400
645314
798976
782916
291300
413091
927425
258107
479791
767906
61864
810564
841342
374021
173122
750681
317394
408716
468050
171236
773162
521808
113526
293430
864697
748694
35581
859908
467308
881658
467184
142884
388428
658091
783529
418691
331613
295492
89978
40938
877281
26270
95039
831121
539225
747851
303971
43884
417177
616043
773097
228485
693184
76740
446637
678801
121169
642431
727925
580495
319722
70135
629471
171527
103170
240249
617752
695505
434174
615263
64097
678387
195449
79657
965711
492105
28453
343720
377002
160062
190804
156396
654551
155857
161447
994153
337263
582627
965365
728222
635667
538221
53803
638193
166875
497499
72713
906338
199783
266318
971164
298122
166999
165504
231743
606781
757175
724681
888461
202102
347813
639444
706658
984429
932817
89558
720915
635669
928335
382842
649863
385597
176402
739124
512052
151526
950496
27455
212652
900383
965181
684096
991196
660262
285858
105549
557974
436316
784039
226660
163702
674338
732498
26834
469449
314770
23223
896292
619232
188979
226300
416225
565220
105149
922097
507216
456149
660800
367080
837141
79001
774608
243321
448419
781897
480345
444046
557120
614137
285185
983318
149031
524487
457920
62288
397733
166031
360507
757391
63904
629249
807134
135273
595856
552541
287736
354550
947515
551634
603177
644912
365142
712646
531109
739308
935404
323734
478017
446431
761214
36033
511584
306498
874060
840161
837523
704864
839148
437575
731850
992811
540173
830089
178751
668685
418856
588150
885210
85868
727521
751460
248681
726667
798916
341097
387207
339803
784087
834113
500088
824172
936979
479620
179846
303884
872076
317606
713158
471166
408910
479620
360876
834962
31037
831175
270594
259868
406532
418612
819323
408774
979100
266318
20190
193060
140205
299994
101641
734488
446458
839893
771838
237055
872724
134357
983763
329147
674071
423575
406682
5455
253226
116403
481786
146795
182209
313074
284
499460
66001
352801
526447
709830
919945
762666
376912
355709
493523
106835
879326
741693
675979
309808
658735
215437
905204
670991
450779
536971
908046
16068
513956
412438
924313
819267
748522
836643
503328
604520
91609
969954
804117
191685
977328
854946
643973
656167
912513
891713
631822
228911
756213
273393
701484
562372
848367
135853
354606
601224
437142
459406
973755
271421
139897
216146
983062
456560
139837
633674
342184
306132
47071
417891
669290
887323
515905
475457
14937
194957
233694
476503
981284
935691
959917
357773
999786
741650
434058
477077
441826
848220
416376
615441
488281
974495
827719
814902
775263
177729
790051
352152
251642
997354
379752
947914
182616
911488
366894
721848
364293
851302
56380
266679
70057
976582
168609
42257
78960
676087
694946
336104
584046
263185
205609
319373
560804
184421
34505
837135
608210
126978
561994
408037
195391
636926
325402
792178
882976
322633
565017
895692
124193
615094
304295
717455
944044
101312
886632
221851
384365
102273
103227
489430
945102
100441
418608
786486
611462
796960
714122
230696
162005
582589
457696
809980
565115
781296
895981
68069
329446
765589
176943
686537
492709
156398
411251
575668
335061
714317
810225
463610
192425
536184
949901
956211
731612
544007
128409
732691
513643
584806
256565
781897
99933
231262
182257
374967
844593
920069
115095
54278
356099
615984
341382
934096
471294
369613
799562
693543
562330
863850
232641
359580
473987
481791
89477
984791
716734
611432
126789
957239
172003
950786
253280
179377
272375
35512
703462
720824
524285
595200
226526
655657
31413
128573
475059
137937
39618
675490
203061
649558
464478
486846
153555
774796
6504
866001
881168
727041
355127
585074
874145
120966
730384
132705
240143
204109
762899
397697
369644
659620
623327
76224
132547
771686
750607
595894
535281
422851
343519
319344
914890
793409
328792
488525
967013
542179
139250
980310
504049
203172
162792
204915
959090
65200
173889
157987
905866
98386
784399
731958
724847
530490
358498
766906
537312
119171
513855
328619
562129
649362
639552
250984
248941
755953
788696
310897
982703
632437
897927
173520
984639
971189
928405
25117
351149
309849
980537
841179
135336
31753
495483
195901
977557
418110
544814
888344
961875
317366
290930
104673
408198
147265
452580
357952
767488
254894
721117
158379
715726
581986
314715
45887
1781
944377
414184
252356
147550
936933
526350
379139
451988
935389
846997
823464
253278
453203
719985
996815
736892
80101
598825
156409
354287
861283
885406
355330
989280
994216
807199
110687
128406
230772
131994
777551
756020
581006
673207
460230
35826
921214
16801
661170
23353
297441
363737
475718
390613
511792
218236
978529
813773
15110
456653
730743
589452
819217
487404
160875
52924
197481
634869
827179
370578
508809
484959
590764
766135
884663
582758
322242
601609
905400
701122
419812
360382
797916
802188
235956
203553
193475
736359
598401
907849
277510
228142
85195
506278
902863
174867
878643
726228
590865
977762
573867
385947
993516
272557
888269
455581
693593
468570
326055
639871
714564
243065
235489
625046
284057
643627
749595
555716
952348
646935
773908
340287
325790
690491
795522
64884
844160
825042
922060
222437
602733
206896
557386
304868
683820
582628
496631
736114
948591
263056
932422
933574
248396
273171
309596
819961
812700
87608
168205
936060
995003
312140
943399
877395
435070
533153
261241
389981
445083
869721
367798
349927
139958
857245
292629
175535
950691
667931
808053
172746
57403
204831
121686
519673
927206
567926
659385
373627
420872
528291
665013
540134
602639
785098
760989
807657
619966
315058
989787
860145
793925
670207
725921
111892
402188
960498
979278
802177
720385
952668
657598
523695
116708
492164
523050
917721
438522
736149
806352
740542
698925
78775
160875
819678
793923
635153
931278
170478
21930
351159
826348
246211
36038
242723
455071
772070
488117
63289
361264
656151
423851
619998
812427
787632
316771
61396
869364
85299
469397
842879
763990
727399
186115
11676
708636
650864
998516
560351
905326
839025
216759
620527
954895
793636
379317
243252
38436
52450
990802
844588
927290
679300
992439
725591
477756
781038
53333
285031
771339
942741
734094
149807
493082
834128
466365
894845
440653
274032
25534
43037
414667
232435
739156
999492
754735
408738
241814
878457
591686
790536
220375
816284
976296
571670
970239
925977
711503
643452
99208
605133
793527
967335
707259
934290
280975
374400
988524
704904
327809
882652
509267
324646
549606
462132
680285
230547
677519
880258
601879
248305
46374
881344
307831
181227
512181
418620
924706
734908
431800
459249
781786
610588
553817
332990
277226
800891
508541
994927
124446
975202
211859
670608
830847
251463
585712
147723
467725
111905
542153
720714
946592
97494
799785
719951
936350
582049
500096
697298
896632
69600
109191
688998
688797
34032
172717
856048
407606
193863
667542
861268
579874
358321
31755
70476
973151
564521
822713
928169
258809
780648
646219
459106
123616
759004
576140
557141
242548
483857
590891
147755
871098
315251
981470
436462
369405
159096
753391
817051
238503
321934
434267
304042
872819
516653
889543
831305
113860
475806
147000
62428
81311
444159
517017
402900
105078
571599
342551
639775
753376
468804
827766
829749
980300
825564
491497
143553
378119
440230
461465
779928
539747
295958
826276
176310
835282
402171
389945
551273
250117
90267
828712
918241
152068
1509
436769
39205
792
638493
11964
597899
975948
713581
522582
592202
242291
175875
4080
390891
118619
19754
735079
667253
646893
595120
349765
886774
418561
847539
372606
809533
403848
301049
39058
638716
887880
421268
964128
378318
615744
743908
670745
312719
372714
519328
443980
741556
502634
290361
215456
743886
501347
771933
563333
269654
779795
98620
656647
755195
758873
475038
751604
836132
484912
645551
313602
468014
619728
842145
530390
948457
174467
770916
860593
983365
819769
729010
734313
385897
63152
432420
857345
499826
422997
287011
933830
798536
75069
478474
897735
723845
899930
26724
165580
260672
383430
118980
635600
43661
729649
798217
854407
101783
115988
327148
256224
508389
102205
631643
208641
125555
263792
402195
870771
593584
382436
621936
302515
341567
931248
445785
836648
657323
570930
326302
770771
284408
608588
849898
745621
70030
779379
854626
69833
518942
566185
356202
207774
667523
419959
283388
87850
368750
398707
128434
648350
778020
302965
597573
40766
729690
931454
337241
13447
896686
932388
512672
998016
295321
864026
85558
463663
822063
512418
565824
85408
862374
376333
589293
545477
693158
446416
142227
324094
254596
454536
923666
283531
720839
605101
703417
256907
638392
44145
483175
551907
737646
875553
915256
101290
757624
426793
815985
228464
311298
33317
206249
420027
410861
565755
105428
11634
471648
680583
343101
103271
286550
827447
423082
339935
897811
857971
769699
859998
459852
53923
876251
621410
961314
291101
281892
888841
987227
223593
221923
466399
718019
733445
378789
782784
226277
3352
431085
482038
644610
945433
111336
467363
819239
901703
208787
940634
573764
927304
237849
563425
920302
832760
132313
833966
886177
322590
975875
878216
462899
868487
900503
201714
890875
988781
838169
545080
623536
511853
687175
451011
159025
160267
147764
912351
696468
154592
874201
463184
599712
616379
891901
626133
232911
406298
386462
497159
633399
735347
118113
104753
771923
92530
457253
314892
832509
264782
869299
339667
494683
205275
114911
229999
725947
120415
311194
66147
994114
696112
197216
286742
268906
571782
735213
391839
454376
623748
877541
749675
998364
696358
245274
540770
763495
726673
996219
946580
678770
286975
360501
240296
794834
304060
196424
528735
383048
654693
405021
963284
963511
664828
395946
339298
112252
203822
461864
61203
328303
302184
151743
423109
715027
944623
913209
751411
320186
434790
101060
727266
785824
245761
543255
825146
389796
139986
868144
614329
578283
410310
916414
87458
492426
21252
608532
458030
514685
997405
979480
484671
668918
29561
607858
892250
831199
244172
134519
584280
938658
979076
838930
621837
62493
341076
432093
957467
876623
93563
383479
107490
286002
619011
335239
131054
584211
50251
973931
759027
322648
631840
698415
450713
742715
717736
302656
222751
796869
706842
447542
459757
664515
742353
81240
537593
531925
307612
731115
944516
61214
890858
523361
194130
244039
81958
682357
41887
383891
954625
934702
16769
729269
882915
254598
479128
691886
259066
95894
491950
533661
532729
971714
615346
613076
402326
61214
219935
907717
940926
653289
890944
551367
500480
137309
323522
151099
58575
542952
228809
862167
98250
593273
60165
91801
947672
551387
485242
448849
782336
980828
893302
37606
322510
146584
455267
441307
479640
933357
16124
456617
604742
752838
400421
546715
798616
319165
667043
675567
41234
606586
441949
96512
661055
294927
588725
96549
786872
145177
798017
247753
721980
237067
885432
655695
942718
931291
756874
371383
476838
196253
659464
658814
547735
110571
985872
846156
191457
521598
85792
805422
840123
890517
501867
482483
19499
450124
582230
278710
20982
38310
378282
791337
80484
161243
709722
379596
790666
141773
88896
802941
658410
517834
625069
62825
301265
187953
786647
993936
624615
971351
597579
61830
493743
258664
676171
349030
49983
190198
336186
273839
937355
286477
326463
531499
582052
263512
619685
407746
668565
46113
698138
149936
448277
32705
684718
175407
919385
373271
265466
410020
797940
743478
616888
955059
700845
36591
348905
221013
467428
46924
719170
314241
120602
469534
261212
830881
272151
728336
73338
434238
964914
561948
133495
527875
103861
381336
368705
914170
62491
189179
576041
3230
898949
220912
935480
316387
10324
156052
412744
34077
953735
250647
819875
82656
636761
980785
876175
542740
908487
667490
609816
159963
838710
317686
969789
184883
561720
65861
638516
779523
713988
928425
39912
65615
587921
545946
107045
246947
642129
244173
952522
126563
370081
839252
912805
856270
286168
622781
380699
784764
461886
685380
776873
8511
761932
589272
110586
730338
346140
277308
246077
362193
259957
225214
14741
901100
56584
697987
204606
358569
520634
931813
529592
295746
548922
779950
586384
366133
889075
516804
235952
435617
462598
944067
643631
263798
434173
585261
470789
167381
655402
440816
931648
511050
918179
732853
651127
87596
835324
132228
943826
331584
666108
195779
958628
467771
271630
960272
633575
108524
61576
256823
894062
945249
681353
476368
503314
400361
812892
298760
24994
923583
252301
540867
775515
584960
690899
71908
186154
921346
337192
272743
31627
274129
571261
607728
972830
494861
364008
814983
583621
20338
920863
523052
296554
290998
353781
624068
263003
508591
485642
845268
808331
28200
22953
309160
166550
783760
299192
15257
959816
652263
328492
71812
719080
816000
444715
761217
307136
32980
945538
710865
735124
105347
892612
994769
607931
947305
135680
866938
436014
774937
33468
262689
250323
705898
317741
421101
900207
15772
753367
737397
157008
680289
199023
670548
31762
295322
418939
343267
679703
391898
197348
410148
997817
479259
982347
532481
719716
164001
637547
784695
126551
159441
272175
631208
715640
108637
968848
723389
347192
277146
334565
785298
684347
651454
8081
984585
511763
780170
960863
802701
203308
978247
133106
155745
612775
804860
1737
55306
12017
362460
903557
81327
684329
378713
783355
718333
241739
20545
502910
91829
381002
315759
65638
37937
772845
584530
958273
30571
630104
675813
380373
709914
61730
835099
295652
774475
963444
681089
474405
838358
757317
926466
579865
718964
373879
693505
961717
869099
548584
502505
897854
269158
303527
266421
670181
636793
84122
363573
375656
711491
85764
305595
777472
622430
224502
941535
380012
184469
978186
384773
340947
569990
240060
588972
241592
938721
391733
754566
870587
841540
119524
90010
617011
119579
449194
96520
689648
193855
557314
77111
95033
119444
896665
505285
393556
394488
908594
82391
77761
999145
846997
441418
961591
455942
681201
254623
552529
754104
115265
503952
390918
716915
465785
745471
818407
225205
885670
847216
556527
827714
228062
885847
728466
609681
759983
331995
247954
644461
141692
697138
779429
935549
917571
925464
19062
198921
391067
129640
872765
709600
892683
234353
646339
123997
715864
713343
121315
403303
658107
895682
960653
442527
660323
196048
192688
565614
575902
705
224698
313372
596013
733568
617967
299004
532977
867564
55716
889453
274016
221120
101135
56555
507389
737140
349325
221959
178881
747454
383250
494685
292678
175748
630498
427812
211360
421393
892801
139676
312557
980353
275307
338001
786192
863119
965174
770822
691569
809154
96725
202895
657078
334489
49509
173705
406004
141344
619553
248995
203097
775295
849243
173342
618695
637708
101211
219400
156965
652602
139088
116406
711292
662381
903082
979724
433141
690052
52518
379753
368486
715057
880693
738396
156830
830641
548553
367590
902512
488413
665498
511149
230638
914290
249922
206931
478874
977278
695228
928491
218398
247566
524546
102878
821289
891557
459189
772532
349187
788515
852234
306407
492238
705300
912843
884926
152323
996898
133115
724828
938949
758159
394685
907695
109562
133578
659629
222479
989622
951388
371876
810217
772566
987753
733203
262410
289103
386984
768410
516310
266350
675139
855400
186020
958124
865266
307814
334592
712946
973249
720860
920417
740779
127795
557107
232530
720159
264049
29335
886162
855683
467375
685283
935595
231506
963374
618147
86313
355534
699104
649417
538534
833671
827804
739776
295323
392530
557590
248291
244272
472212
88334
72328
623312
842893
817031
148724
280647
725691
685005
499089
868024
757827
695524
796776
360005
682110
740341
388270
777597
575197
10781
496035
204650
549948
675497
821134
471242
86252
832862
601392
142053
865823
663292
866476
721091
214535
343616
193192
661827
401879
247936
869802
488836
731214
644493
264371
172112
852985
654635
759468
198521
728563
551472
921769
733062
709045
511311
781033
873955
574156
878315
79496
149209
247736
561431
185778
907878
99073
526932
682554
912408
111810
696204
422728
750155
448761
656521
574496
408300
454067
840266
177101
661555
465886
735732
953367
613931
407818
386161
703078
949025
587218
873684
737836
351219
236466
821374
387671
601122
517174
971445
314762
741334
912960
182933
949201
495293
807833
760250
939230
260085
919827
851874
514942
766525
101640
566174
479160
327466
917456
856101
30358
55943
655919
120948
440523
933038
653917
129907
293480
95956
431009
110069
436863
356879
793509
330412
355704
766575
22565
486474
773136
688031
847261
128170
329996
5703
216709
485559
647774
603629
467031
913576
230322
46333
233669
834464
221633
492104
874783
808824
292310
270187
929937
406890
361177
233738
526802
615869
987651
864143
584992
310206
492848
46230
512576
888438
83115
46583
285507
860698
608790
363801
598227
492545
19138
749390
354524
806413
768846
594598
654754
47412
99830
49777
373546
571900
560116
839942
427451
45065
377743
403134
371980
518394
84964
442516
975928
472781
707371
152022
557830
303375
882149
344359
203392
190894
694138
519520
61646
800025
439364
315212
138034
126980
79927
6963
618173
393386
30353
270480
564581
591223
411969
606058
879246
547874
440546
672577
994226
275730
207983
30886
775027
211337
937408
241235
419216
448191
419444
45212
565116
787793
36944
244247
262514
644463
557856
624439
596009
80967
44734
237645
871251
815108
40354
173399
9755
879626
119120
197083
325793
566798
673074
478069
734591
140554
639573
968584
409682
119087
465125
597310
258601
513138
178882
38065
71844
611420
78306
300831
911624
411360
579432
285382
919245
789420
547540
599293
426247
611636
996492
318033
479789
780215
365187
335825
141992
555993
621181
583898
96305
926237
309408
644433
811373
341518
583582
504437
191213
273016
390531
889701
955990
956307
225949
394528
266071
669099
326291
37856
167643
926183
927645
316731
285475
475299
395878
303733
599447
933295
910620
394409
128549
321320
326875
632450
276759
335764
653981
657383
325604
35294
273706
747273
290146
929564
467651
120533
897122
150336
232614
721557
402098
410686
818368
835704
342217
265463
209116
573964
530723
444787
65328
827469
628049
642127
967913
861277
706392
512821
531825
679892
849060
398717
796932
810557
890833
190361
301950
966757
153514
281345
706632
221909
985994
322563
624859
526836
489525
212050
113120
614306
806896
578196
908892
25450
69333
399131
463540
505712
995800
811412
808753
979509
641037
946234
270183
961926
471720
998620
444223
758533
190461
599207
816055
205157
809823
330803
835848
292711
239808
671867
411856
140237
843514
305993
652127
826125
517128
427909
318438
397686
631463
331714
342487
731699
559001
999502
21058
59695
556612
851739
137329
312271
453287
871982
13848
140459
463556
539457
416453
92596
817662
327553
295592
567140
73795
349797
156661
169141
893135
828025
168661
316651
764680
317678
284264
617373
943528
123989
737165
891095
730581
584125
628280
863670
132797
474064
32342
723805
884555
606447
216293
367471
324359
646218
890731
371029
452891
70015
110775
709284
808579
137529
425536
827753
436107
832070
53513
847586
150487
80349
762234
79564
432744
415460
407969
553602
778611
180800
276355
103390
89466
288571
252605
429479
19450
408020
386066
716637
408020
112483
133641
277410
964001
318524
898093
555159
615622
256998
539485
671950
30111
346493
457393
177970
777731
604367
836493
179144
520929
759349
821271
34075
974890
21675
760125
611583
835049
206763
311594
951009
489686
210272
865889
840736
233762
456527
640204
240481
174614
29715
691334
899009
85601
701054
278485
761702
49127
484406
299139
380268
358836
108546
720234
793582
528548
484834
793374
377232
760235
108042
29640
811239
760325
233543
297601
840572
833747
259221
553472
700731
640474
380449
97412
1815
29346
912895
212595
657582
619136
979092
162674
841446
639262
601511
234221
993864
873913
812717
681140
764271
396138
127750
589788
272341
502922
870861
4994
640311
86243
791481
239489
483890
329553
821317
103145
736568
871767
134193
762825
274482
487960
434047
900314
139964
902682
115817
885324
596077
522948
714279
913220
812441
303159
877601
302017
236916
908871
314095
255949
711435
758474
816332
354971
961356
389221
122175
692927
547098
88512
755398
7331
976753
709090
828797
900517
116562
975432
592699
960737
32308
681709
861716
763691
132908
73253
493583
773796
727228
942155
584021
378297
122843
54488
968721
103461
418451
707534
927248
227745
934799
320764
368043
458732
628723
333369
677930
843045
35158
80333
981857
277241
224795
696638
946418
540528
405394
188162
371195
265805
33893
49813
718458
576663
651767
614819
186593
18986
969694
897996
764
762400
100425
443280
787993
485096
453142
359011
13290
467830
512953
416900
431836
40886
453544
942792
663802
197572
880725
301408
680986
967295
197193
62339
348130
528976
585130
848098
507720
21771
307390
844731
697011
58589
654086
195853
185541
475932
981833
719954
194469
960638
133207
47901
893002
200264
471757
313868
348465
796771
812222
589254
842832
520189